EFS,DS,accuracy,#(rules),avg feedback,std feedback,sum feedback,avg repetitions,std repetitions,sum repetitions
ALLMo0,90fz82jx,0.205,21,8.003925767,1.474273213,8003.925767,1.37,1.437741284,1370
ALLMo0,90fz82jx,0.205,21,8.003925767,1.474273213,8003.925767,1.37,1.437741284,1370
ALLMo0,90fz82jx,0.205,21,8.003925767,1.474273213,8003.925767,1.37,1.437741284,1370
ALLMo0,90fz82jx,0.205,21,8.003925767,1.474273213,8003.925767,1.37,1.437741284,1370
ALLMo0,90fz82jx,0.205,21,8.003925767,1.474273213,8003.925767,1.37,1.437741284,1370
ALLMo0,2ej6b2i7,0.142,31,7.749109557,1.551306971,7749.109557,0.954,1.102671302,954
ALLMo0,2ej6b2i7,0.142,31,7.749109557,1.551306971,7749.109557,0.954,1.102671302,954
ALLMo0,2ej6b2i7,0.142,31,7.749109557,1.551306971,7749.109557,0.954,1.102671302,954
ALLMo0,2ej6b2i7,0.142,31,7.749109557,1.551306971,7749.109557,0.954,1.102671302,954
ALLMo0,2ej6b2i7,0.142,31,7.749109557,1.551306971,7749.109557,0.954,1.102671302,954
ALLMo0,5shw42l7,0.282,26,7.770147302,1.536362896,7770.147302,1.399,1.443536976,1399
ALLMo0,5shw42l7,0.282,26,7.770147302,1.536362896,7770.147302,1.399,1.443536976,1399
ALLMo0,5shw42l7,0.282,26,7.770147302,1.536362896,7770.147302,1.399,1.443536976,1399
ALLMo0,5shw42l7,0.282,26,7.770147302,1.536362896,7770.147302,1.399,1.443536976,1399
ALLMo0,5shw42l7,0.282,26,7.770147302,1.536362896,7770.147302,1.399,1.443536976,1399
ALLMo0,24i4ipu5,0.159,31,7.924083747,1.529507909,7924.083747,0.969,1.104553756,969
ALLMo0,24i4ipu5,0.159,31,7.924083747,1.529507909,7924.083747,0.969,1.104553756,969
ALLMo0,24i4ipu5,0.159,31,7.924083747,1.529507909,7924.083747,0.969,1.104553756,969
ALLMo0,24i4ipu5,0.159,31,7.924083747,1.529507909,7924.083747,0.969,1.104553756,969
ALLMo0,24i4ipu5,0.159,31,7.924083747,1.529507909,7924.083747,0.969,1.104553756,969
ALLMo0,ti0bl836,0.101,36,8.085206478,1.569767171,8085.206478,0.88,1.041921302,880
ALLMo0,ti0bl836,0.101,36,8.085206478,1.569767171,8085.206478,0.88,1.041921302,880
ALLMo0,ti0bl836,0.101,36,8.085206478,1.569767171,8085.206478,0.88,1.041921302,880
ALLMo0,ti0bl836,0.101,36,8.085206478,1.569767171,8085.206478,0.88,1.041921302,880
ALLMo0,ti0bl836,0.101,36,8.085206478,1.569767171,8085.206478,0.88,1.041921302,880
ALLMo0,x1bislx9,0.173,26,8.116491564,1.423476907,8116.491564,1.123,1.269594817,1123
ALLMo0,x1bislx9,0.173,26,8.116491564,1.423476907,8116.491564,1.123,1.269594817,1123
ALLMo0,x1bislx9,0.173,26,8.116491564,1.423476907,8116.491564,1.123,1.269594817,1123
ALLMo0,x1bislx9,0.173,26,8.116491564,1.423476907,8116.491564,1.123,1.269594817,1123
ALLMo0,x1bislx9,0.173,26,8.116491564,1.423476907,8116.491564,1.123,1.269594817,1123
ALLMo0,pk2bj10v,0.326,26,7.575270386,1.619153752,7575.270386,1.747,1.728869862,1747
ALLMo0,pk2bj10v,0.326,26,7.575270386,1.619153752,7575.270386,1.747,1.728869862,1747
ALLMo0,pk2bj10v,0.326,26,7.575270386,1.619153752,7575.270386,1.747,1.728869862,1747
ALLMo0,pk2bj10v,0.326,26,7.575270386,1.619153752,7575.270386,1.747,1.728869862,1747
ALLMo0,pk2bj10v,0.326,26,7.575270386,1.619153752,7575.270386,1.747,1.728869862,1747
ALLMo0,er1qsv6w,0.392,24,7.90573114,1.466622844,7905.73114,3.243,3.095795697,3243
ALLMo0,er1qsv6w,0.392,24,7.90573114,1.466622844,7905.73114,3.243,3.095795697,3243
ALLMo0,er1qsv6w,0.392,24,7.90573114,1.466622844,7905.73114,3.243,3.095795697,3243
ALLMo0,er1qsv6w,0.392,24,7.90573114,1.466622844,7905.73114,3.243,3.095795697,3243
ALLMo0,er1qsv6w,0.392,24,7.90573114,1.466622844,7905.73114,3.243,3.095795697,3243
ALLMo0,7ei0i2op,0.252,24,7.6657047,1.337799248,7665.7047,1.753,1.888383171,1753
ALLMo0,7ei0i2op,0.252,24,7.6657047,1.337799248,7665.7047,1.753,1.888383171,1753
ALLMo0,7ei0i2op,0.252,24,7.6657047,1.337799248,7665.7047,1.753,1.888383171,1753
ALLMo0,7ei0i2op,0.252,24,7.6657047,1.337799248,7665.7047,1.753,1.888383171,1753
ALLMo0,7ei0i2op,0.252,24,7.6657047,1.337799248,7665.7047,1.753,1.888383171,1753
ALLMo0,xglzxsb9,0.235,21,7.767612638,1.616208338,7767.612638,1.645,1.622028052,1645
ALLMo0,xglzxsb9,0.235,21,7.767612638,1.616208338,7767.612638,1.645,1.622028052,1645
ALLMo0,xglzxsb9,0.235,21,7.767612638,1.616208338,7767.612638,1.645,1.622028052,1645
ALLMo0,xglzxsb9,0.235,21,7.767612638,1.616208338,7767.612638,1.645,1.622028052,1645
ALLMo0,xglzxsb9,0.235,21,7.767612638,1.616208338,7767.612638,1.645,1.622028052,1645
ALLMo0,3ejs2f6p,0.346,13,8.33431407,1.233000376,8334.31407,3.105,2.661198038,3105
ALLMo0,3ejs2f6p,0.346,13,8.33431407,1.233000376,8334.31407,3.105,2.661198038,3105
ALLMo0,3ejs2f6p,0.346,13,8.33431407,1.233000376,8334.31407,3.105,2.661198038,3105
ALLMo0,3ejs2f6p,0.346,13,8.33431407,1.233000376,8334.31407,3.105,2.661198038,3105
ALLMo0,3ejs2f6p,0.346,13,8.33431407,1.233000376,8334.31407,3.105,2.661198038,3105
ALLMo0,zvwm632u,0.377,20,7.552626822,1.366166603,7552.626822,2.398,2.330149351,2398
ALLMo0,zvwm632u,0.377,20,7.552626822,1.366166603,7552.626822,2.398,2.330149351,2398
ALLMo0,zvwm632u,0.377,20,7.552626822,1.366166603,7552.626822,2.398,2.330149351,2398
ALLMo0,zvwm632u,0.377,20,7.552626822,1.366166603,7552.626822,2.398,2.330149351,2398
ALLMo0,zvwm632u,0.377,20,7.552626822,1.366166603,7552.626822,2.398,2.330149351,2398
ALLMo0,c00gr4wo,0.15,42,8.06257886,1.43796918,8062.57886,0.962,1.178370061,962
ALLMo0,c00gr4wo,0.15,42,8.06257886,1.43796918,8062.57886,0.962,1.178370061,962
ALLMo0,c00gr4wo,0.15,42,8.06257886,1.43796918,8062.57886,0.962,1.178370061,962
ALLMo0,c00gr4wo,0.15,42,8.06257886,1.43796918,8062.57886,0.962,1.178370061,962
ALLMo0,c00gr4wo,0.15,42,8.06257886,1.43796918,8062.57886,0.962,1.178370061,962
ALLMo0,e33p12vr,0.092,16,6.96902214,1.056064881,6969.02214,0.915,0.946453908,915
ALLMo0,e33p12vr,0.092,16,6.96902214,1.056064881,6969.02214,0.915,0.946453908,915
ALLMo0,e33p12vr,0.092,16,6.96902214,1.056064881,6969.02214,0.915,0.946453908,915
ALLMo0,e33p12vr,0.092,16,6.96902214,1.056064881,6969.02214,0.915,0.946453908,915
ALLMo0,e33p12vr,0.092,16,6.96902214,1.056064881,6969.02214,0.915,0.946453908,915
ALLMo0,y4vnuqyu,0.052,69,7.98136239,1.633151124,7981.36239,0.466,0.859560353,466
ALLMo0,y4vnuqyu,0.052,69,7.98136239,1.633151124,7981.36239,0.466,0.859560353,466
ALLMo0,y4vnuqyu,0.052,69,7.98136239,1.633151124,7981.36239,0.466,0.859560353,466
ALLMo0,y4vnuqyu,0.052,69,7.98136239,1.633151124,7981.36239,0.466,0.859560353,466
ALLMo0,y4vnuqyu,0.052,69,7.98136239,1.633151124,7981.36239,0.466,0.859560353,466
SAR,90fz82jx,0.167,20,7.619919989,1.665963285,7619.919989,1.761,1.657672766,1761
SAR,2ej6b2i7,0.131,20,7.507341569,1.682232865,7507.341569,1.174,1.296041666,1174
SAR,5shw42l7,0.149,20,7.201988354,1.745858839,7201.988354,1.419,1.425285585,1419
SAR,24i4ipu5,0.136,20,7.291468615,1.816965677,7291.468615,1.241,1.362688152,1241
SAR,ti0bl836,0.104,20,7.661984383,2.004150633,7661.984383,1.17,1.223560379,1170
SAR,x1bislx9,0.102,20,7.617207569,1.803646425,7617.207569,1.27,1.254232833,1270
SAR,pk2bj10v,0.151,20,6.514656626,1.830806115,6514.656626,1.597,1.498863236,1597
SAR,er1qsv6w,0.25,20,7.390860678,1.646155657,7390.860678,2.313,2.121091936,2313
SAR,7ei0i2op,0.18,20,7.246830883,1.538864164,7246.830883,1.62,1.631441081,1620
SAR,3ejs2f6p,0.229,20,7.774132999,1.57819585,7774.132999,2.379,1.805369491,2379
SAR,zvwm632u,0.229,20,7.020534028,1.584621761,7020.534028,1.613,1.572650947,1613
SAR,xglzxsb9,0.121,20,6.792402101,1.850159493,6792.402101,1.44,1.270590414,1440
SAR,c00gr4wo,0.098,20,7.555595927,1.873632981,7555.595927,1.39,1.414178207,1390
SAR,e33p12vr,0.079,20,6.842650954,1.137203139,6842.650954,1.178,1.00115733,1178
SAR,y4vnuqyu,0.058,20,7.771595859,1.843352861,7771.595859,0.923,1.151985677,923
SAR,2ej6b2i7,0.106,20,7.413316868,1.71146119,7413.316868,1.182,1.37509127,1182
SAR,5shw42l7,0.171,20,7.290749077,1.719792359,7290.749077,1.448,1.556693933,1448
SAR,24i4ipu5,0.105,20,7.276296063,1.789877623,7276.296063,1.142,1.262472178,1142
SAR,ti0bl836,0.131,20,7.821364027,1.921356284,7821.364027,1.364,1.380399942,1364
SAR,x1bislx9,0.107,20,7.648511027,1.800862723,7648.511027,1.333,1.330455185,1333
SAR,90fz82jx,0.134,20,7.500823218,1.691768139,7500.823218,1.727,1.572409298,1727
SAR,2ej6b2i7,0.127,20,7.462893309,1.704817912,7462.893309,1.228,1.354258469,1228
SAR,5shw42l7,0.153,20,7.148931791,1.766890091,7148.931791,1.483,1.47299389,1483
SAR,pk2bj10v,0.161,20,6.633811934,1.81428704,6633.811934,1.651,1.526171353,1651
SAR,er1qsv6w,0.239,20,7.380672005,1.655912272,7380.672005,2.206,2.086040268,2206
SAR,7ei0i2op,0.17,20,7.151224445,1.577413166,7151.224445,1.525,1.528847605,1525
SAR,3ejs2f6p,0.234,20,7.737225917,1.629188385,7737.225917,2.271,1.811507383,2271
SAR,zvwm632u,0.213,20,7.01327237,1.594994019,7013.27237,1.571,1.607780769,1571
SAR,xglzxsb9,0.117,20,6.798150864,1.839331416,6798.150864,1.548,1.365904828,1548
SAR,c00gr4wo,0.101,20,7.569728415,1.893599746,7569.728415,1.382,1.42691135,1382
SAR,e33p12vr,0.08,20,6.799239564,1.159910465,6799.239564,1.179,1.054020398,1179
SAR,y4vnuqyu,0.064,20,7.82555959,1.779988147,7825.55959,0.881,1.122870874,881
SAR,90fz82jx,0.143,20,7.590330428,1.67919163,7590.330428,1.53,1.44675499,1530
SAR,2ej6b2i7,0.102,20,7.413917202,1.721593817,7413.917202,1.171,1.296826511,1171
SAR,5shw42l7,0.17,20,7.242512307,1.760060466,7242.512307,1.314,1.418944678,1314
SAR,pk2bj10v,0.151,20,6.632414997,1.845522566,6632.414997,1.685,1.514521377,1685
SAR,er1qsv6w,0.247,20,7.411029295,1.667454209,7411.029295,2.363,2.086439791,2363
SAR,7ei0i2op,0.156,20,7.197580645,1.550747296,7197.580645,1.645,1.570023885,1645
SAR,24i4ipu5,0.103,20,7.180356406,1.804827194,7180.356406,1.143,1.306350259,1143
SAR,ti0bl836,0.09,20,7.746868873,1.903164589,7746.868873,1.333,1.349855918,1333
SAR,x1bislx9,0.093,20,7.643766936,1.796876997,7643.766936,1.316,1.279118446,1316
SAR,xglzxsb9,0.101,20,6.720329011,1.811275121,6720.329011,1.482,1.247267413,1482
SAR,3ejs2f6p,0.216,20,7.678726114,1.639214041,7678.726114,2.223,1.742202916,2223
SAR,zvwm632u,0.221,20,6.9816358,1.601072735,6981.6358,1.542,1.495404962,1542
SAR,c00gr4wo,0.111,20,7.558702425,1.862119739,7558.702425,1.267,1.371754716,1267
SAR,e33p12vr,0.082,20,6.856956506,1.10849764,6856.956506,1.218,1.028822628,1218
SAR,y4vnuqyu,0.078,20,7.925282482,1.667522061,7925.282482,0.942,1.193581166,942
SAR,2ej6b2i7,0.109,20,7.558434063,1.631411841,7558.434063,1.247,1.359408327,1247
SAR,5shw42l7,0.164,20,7.234741473,1.730591766,7234.741473,1.384,1.433368062,1384
SAR,24i4ipu5,0.109,20,7.324782411,1.791323656,7324.782411,1.277,1.340996271,1277
SAR,ti0bl836,0.102,20,7.805322013,1.826249887,7805.322013,1.202,1.20631505,1202
SAR,x1bislx9,0.086,20,7.617928945,1.734770903,7617.928945,1.303,1.270114562,1303
SAR,90fz82jx,0.134,20,7.603924372,1.654195964,7603.924372,1.779,1.639560612,1779
SAR,pk2bj10v,0.136,20,6.466505805,1.803087308,6466.505805,1.59,1.486573241,1590
SAR,er1qsv6w,0.251,20,7.462049759,1.572279758,7462.049759,2.333,2.099073843,2333
SAR,7ei0i2op,0.185,20,7.214278797,1.565147946,7214.278797,1.54,1.57492857,1540
SAR,3ejs2f6p,0.238,20,7.776381254,1.569215998,7776.381254,2.234,1.700365843,2234
SAR,zvwm632u,0.216,20,6.973853507,1.594402811,6973.853507,1.561,1.629195814,1561
SAR,xglzxsb9,0.113,20,6.742159,1.834664871,6742.159,1.432,1.206389655,1432
SAR,c00gr4wo,0.096,20,7.529897006,1.841894838,7529.897006,1.479,1.499186113,1479
SAR,e33p12vr,0.081,20,6.817234618,1.163589755,6817.234618,1.168,1.043923369,1168
SAR,y4vnuqyu,0.068,20,7.926977773,1.707495833,7926.977773,1.046,1.298415958,1046
SAR,90fz82jx,0.145,20,7.655399919,1.606659392,7655.399919,1.705,1.598741693,1705
SAR,24i4ipu5,0.106,20,7.189535967,1.822105408,7189.535967,1.167,1.307329721,1167
SAR,ti0bl836,0.109,20,7.719177263,1.908250069,7719.177263,1.181,1.257075574,1181
SAR,x1bislx9,0.114,20,7.713071237,1.737907338,7713.071237,1.347,1.29405989,1347
SAR,pk2bj10v,0.163,20,6.676852321,1.821581459,6676.852321,1.683,1.478009134,1683
SAR,er1qsv6w,0.263,20,7.511814218,1.621372243,7511.814218,2.301,2.121885718,2301
SAR,7ei0i2op,0.174,20,7.089405521,1.609097379,7089.405521,1.462,1.523337126,1462
SAR,3ejs2f6p,0.224,20,7.739101762,1.596669624,7739.101762,2.265,1.755213662,2265
SAR,zvwm632u,0.215,20,6.949853287,1.601994321,6949.853287,1.523,1.564439516,1523
SAR,xglzxsb9,0.122,20,6.846957684,1.843754337,6846.957684,1.507,1.268838445,1507
SAR,c00gr4wo,0.1,20,7.437669946,1.90072342,7437.669946,1.229,1.319302467,1229
SAR,e33p12vr,0.076,20,6.870265081,1.100264955,6870.265081,1.185,1.026048244,1185
SAR,y4vnuqyu,0.069,20,7.857286742,1.783707894,7857.286742,1.026,1.245521577,1026
ETS,90fz82jx,0.069,1,6.764300784,1.68409867,6764.300784,3.537,2.93063662,3537
ETS,90fz82jx,0.069,1,6.764300784,1.68409867,6764.300784,3.537,2.93063662,3537
ETS,90fz82jx,0.069,1,6.764300784,1.68409867,6764.300784,3.537,2.93063662,3537
ETS,90fz82jx,0.069,1,6.764300784,1.68409867,6764.300784,3.537,2.93063662,3537
ETS,90fz82jx,0.069,1,6.764300784,1.68409867,6764.300784,3.537,2.93063662,3537
ETS,2ej6b2i7,0.102,1,6.956714818,1.95306419,6956.714818,12.718,3.778687074,12718
ETS,2ej6b2i7,0.102,1,6.956714818,1.95306419,6956.714818,12.718,3.778687074,12718
ETS,2ej6b2i7,0.102,1,6.956714818,1.95306419,6956.714818,12.718,3.778687074,12718
ETS,2ej6b2i7,0.102,1,6.956714818,1.95306419,6956.714818,12.718,3.778687074,12718
ETS,2ej6b2i7,0.102,1,6.956714818,1.95306419,6956.714818,12.718,3.778687074,12718
ETS,5shw42l7,0.135,1,6.842744231,1.80799317,6842.744231,5.984,4.634192918,5984
ETS,5shw42l7,0.135,1,6.842744231,1.80799317,6842.744231,5.984,4.634192918,5984
ETS,5shw42l7,0.135,1,6.842744231,1.80799317,6842.744231,5.984,4.634192918,5984
ETS,5shw42l7,0.135,1,6.842744231,1.80799317,6842.744231,5.984,4.634192918,5984
ETS,5shw42l7,0.135,1,6.842744231,1.80799317,6842.744231,5.984,4.634192918,5984
ETS,24i4ipu5,0.057,1,6.990361552,1.854770105,6990.361552,10.429,5.596155734,10429
ETS,24i4ipu5,0.057,1,6.990361552,1.854770105,6990.361552,10.429,5.596155734,10429
ETS,24i4ipu5,0.057,1,6.990361552,1.854770105,6990.361552,10.429,5.596155734,10429
ETS,24i4ipu5,0.057,1,6.990361552,1.854770105,6990.361552,10.429,5.596155734,10429
ETS,24i4ipu5,0.057,1,6.990361552,1.854770105,6990.361552,10.429,5.596155734,10429
ETS,ti0bl836,0.15,1,8.546531443,1.190020492,8546.531443,11.477,5.055044115,11477
ETS,ti0bl836,0.15,1,8.546531443,1.190020492,8546.531443,11.477,5.055044115,11477
ETS,ti0bl836,0.15,1,8.546531443,1.190020492,8546.531443,11.477,5.055044115,11477
ETS,ti0bl836,0.15,1,8.546531443,1.190020492,8546.531443,11.477,5.055044115,11477
ETS,ti0bl836,0.15,1,8.546531443,1.190020492,8546.531443,11.477,5.055044115,11477
ETS,x1bislx9,0.074,1,6.956787663,1.963233455,6956.787663,12.513,4.033587857,12513
ETS,x1bislx9,0.074,1,6.956787663,1.963233455,6956.787663,12.513,4.033587857,12513
ETS,x1bislx9,0.074,1,6.956787663,1.963233455,6956.787663,12.513,4.033587857,12513
ETS,x1bislx9,0.074,1,6.956787663,1.963233455,6956.787663,12.513,4.033587857,12513
ETS,x1bislx9,0.074,1,6.956787663,1.963233455,6956.787663,12.513,4.033587857,12513
ETS,pk2bj10v,0.161,1,7.282710193,1.452908224,7282.710193,11.52,4.7461142,11520
ETS,pk2bj10v,0.161,1,7.282710193,1.452908224,7282.710193,11.52,4.7461142,11520
ETS,pk2bj10v,0.161,1,7.282710193,1.452908224,7282.710193,11.52,4.7461142,11520
ETS,pk2bj10v,0.161,1,7.282710193,1.452908224,7282.710193,11.52,4.7461142,11520
ETS,pk2bj10v,0.161,1,7.282710193,1.452908224,7282.710193,11.52,4.7461142,11520
ETS,er1qsv6w,0.52,1,8.0388785,1.626947568,8038.8785,13.271,2.687667948,13271
ETS,er1qsv6w,0.52,1,8.0388785,1.626947568,8038.8785,13.271,2.687667948,13271
ETS,er1qsv6w,0.52,1,8.0388785,1.626947568,8038.8785,13.271,2.687667948,13271
ETS,er1qsv6w,0.52,1,8.0388785,1.626947568,8038.8785,13.271,2.687667948,13271
ETS,er1qsv6w,0.52,1,8.0388785,1.626947568,8038.8785,13.271,2.687667948,13271
ETS,7ei0i2op,0.045,1,6.501806133,1.368922017,6501.806133,10.742,5.29579418,10742
ETS,7ei0i2op,0.045,1,6.501806133,1.368922017,6501.806133,10.742,5.29579418,10742
ETS,7ei0i2op,0.045,1,6.501806133,1.368922017,6501.806133,10.742,5.29579418,10742
ETS,7ei0i2op,0.045,1,6.501806133,1.368922017,6501.806133,10.742,5.29579418,10742
ETS,7ei0i2op,0.045,1,6.501806133,1.368922017,6501.806133,10.742,5.29579418,10742
ETS,xglzxsb9,0.027,1,6.329989643,1.332579176,6329.989643,12.786,3.567380552,12786
ETS,xglzxsb9,0.027,1,6.329989643,1.332579176,6329.989643,12.786,3.567380552,12786
ETS,xglzxsb9,0.027,1,6.329989643,1.332579176,6329.989643,12.786,3.567380552,12786
ETS,xglzxsb9,0.027,1,6.329989643,1.332579176,6329.989643,12.786,3.567380552,12786
ETS,xglzxsb9,0.027,1,6.329989643,1.332579176,6329.989643,12.786,3.567380552,12786
ETS,3ejs2f6p,0.032,1,5.993602115,1.378053716,5993.602115,12.321,3.866259045,12321
ETS,3ejs2f6p,0.032,1,5.993602115,1.378053716,5993.602115,12.321,3.866259045,12321
ETS,3ejs2f6p,0.032,1,5.993602115,1.378053716,5993.602115,12.321,3.866259045,12321
ETS,3ejs2f6p,0.032,1,5.993602115,1.378053716,5993.602115,12.321,3.866259045,12321
ETS,3ejs2f6p,0.032,1,5.993602115,1.378053716,5993.602115,12.321,3.866259045,12321
ETS,zvwm632u,0.044,1,6.06794676,1.738612682,6067.94676,3.773,2.557238941,3773
ETS,zvwm632u,0.044,1,6.06794676,1.738612682,6067.94676,3.773,2.557238941,3773
ETS,zvwm632u,0.044,1,6.06794676,1.738612682,6067.94676,3.773,2.557238941,3773
ETS,zvwm632u,0.044,1,6.06794676,1.738612682,6067.94676,3.773,2.557238941,3773
ETS,zvwm632u,0.044,1,6.06794676,1.738612682,6067.94676,3.773,2.557238941,3773
ETS,c00gr4wo,0.061,1,6.555302823,2.65531015,6555.302823,12.159,4.364827488,12159
ETS,c00gr4wo,0.061,1,6.555302823,2.65531015,6555.302823,12.159,4.364827488,12159
ETS,c00gr4wo,0.061,1,6.555302823,2.65531015,6555.302823,12.159,4.364827488,12159
ETS,c00gr4wo,0.061,1,6.555302823,2.65531015,6555.302823,12.159,4.364827488,12159
ETS,c00gr4wo,0.061,1,6.555302823,2.65531015,6555.302823,12.159,4.364827488,12159
ETS,e33p12vr,0.049,1,6.4875,1.227230113,6487.5,12.945,3.410274916,12945
ETS,e33p12vr,0.049,1,6.4875,1.227230113,6487.5,12.945,3.410274916,12945
ETS,e33p12vr,0.049,1,6.4875,1.227230113,6487.5,12.945,3.410274916,12945
ETS,e33p12vr,0.049,1,6.4875,1.227230113,6487.5,12.945,3.410274916,12945
ETS,e33p12vr,0.049,1,6.4875,1.227230113,6487.5,12.945,3.410274916,12945
ETS,y4vnuqyu,0.016,1,7.804879939,1.246620322,7804.879939,11.026,5.509203572,11026
ETS,y4vnuqyu,0.016,1,7.804879939,1.246620322,7804.879939,11.026,5.509203572,11026
ETS,y4vnuqyu,0.016,1,7.804879939,1.246620322,7804.879939,11.026,5.509203572,11026
ETS,y4vnuqyu,0.016,1,7.804879939,1.246620322,7804.879939,11.026,5.509203572,11026
ETS,y4vnuqyu,0.016,1,7.804879939,1.246620322,7804.879939,11.026,5.509203572,11026
FWAadaBoostSOFIES,90fz82jx,0.331,21,8.61645699,1.056375141,8616.45699,2.603,2.411097468,2603
FWAadaBoostSOFIES,90fz82jx,0.331,21,8.61645699,1.056375141,8616.45699,2.603,2.411097468,2603
FWAadaBoostSOFIES,90fz82jx,0.331,21,8.61645699,1.056375141,8616.45699,2.603,2.411097468,2603
FWAadaBoostSOFIES,90fz82jx,0.331,21,8.61645699,1.056375141,8616.45699,2.603,2.411097468,2603
FWAadaBoostSOFIES,90fz82jx,0.331,21,8.61645699,1.056375141,8616.45699,2.603,2.411097468,2603
FWAadaBoostSOFIES,2ej6b2i7,0.207,31,8.220212882,1.4501424,8220.212882,1.761,1.616130873,1761
FWAadaBoostSOFIES,2ej6b2i7,0.207,31,8.220212882,1.4501424,8220.212882,1.761,1.616130873,1761
FWAadaBoostSOFIES,2ej6b2i7,0.207,31,8.220212882,1.4501424,8220.212882,1.761,1.616130873,1761
FWAadaBoostSOFIES,2ej6b2i7,0.207,31,8.220212882,1.4501424,8220.212882,1.761,1.616130873,1761
FWAadaBoostSOFIES,2ej6b2i7,0.207,31,8.220212882,1.4501424,8220.212882,1.761,1.616130873,1761
FWAadaBoostSOFIES,5shw42l7,0.434,26,8.315815806,1.369097872,8315.815806,2.878,1.857717955,2878
FWAadaBoostSOFIES,5shw42l7,0.434,26,8.315815806,1.369097872,8315.815806,2.878,1.857717955,2878
FWAadaBoostSOFIES,5shw42l7,0.434,26,8.315815806,1.369097872,8315.815806,2.878,1.857717955,2878
FWAadaBoostSOFIES,5shw42l7,0.434,26,8.315815806,1.369097872,8315.815806,2.878,1.857717955,2878
FWAadaBoostSOFIES,5shw42l7,0.434,26,8.315815806,1.369097872,8315.815806,2.878,1.857717955,2878
FWAadaBoostSOFIES,24i4ipu5,0.25,31,8.432267391,1.330296661,8432.267391,2.074,1.887464967,2074
FWAadaBoostSOFIES,24i4ipu5,0.25,31,8.432267391,1.330296661,8432.267391,2.074,1.887464967,2074
FWAadaBoostSOFIES,24i4ipu5,0.25,31,8.432267391,1.330296661,8432.267391,2.074,1.887464967,2074
FWAadaBoostSOFIES,24i4ipu5,0.25,31,8.432267391,1.330296661,8432.267391,2.074,1.887464967,2074
FWAadaBoostSOFIES,24i4ipu5,0.25,31,8.432267391,1.330296661,8432.267391,2.074,1.887464967,2074
FWAadaBoostSOFIES,ti0bl836,0.18,36,8.750243596,0.983597438,8750.243596,1.987,1.766587388,1987
FWAadaBoostSOFIES,ti0bl836,0.18,36,8.750243596,0.983597438,8750.243596,1.987,1.766587388,1987
FWAadaBoostSOFIES,ti0bl836,0.18,36,8.750243596,0.983597438,8750.243596,1.987,1.766587388,1987
FWAadaBoostSOFIES,ti0bl836,0.18,36,8.750243596,0.983597438,8750.243596,1.987,1.766587388,1987
FWAadaBoostSOFIES,ti0bl836,0.18,36,8.750243596,0.983597438,8750.243596,1.987,1.766587388,1987
FWAadaBoostSOFIES,x1bislx9,0.275,26,8.654547359,1.013535214,8654.547359,2.51,2.330214582,2510
FWAadaBoostSOFIES,x1bislx9,0.275,26,8.654547359,1.013535214,8654.547359,2.51,2.330214582,2510
FWAadaBoostSOFIES,x1bislx9,0.275,26,8.654547359,1.013535214,8654.547359,2.51,2.330214582,2510
FWAadaBoostSOFIES,x1bislx9,0.275,26,8.654547359,1.013535214,8654.547359,2.51,2.330214582,2510
FWAadaBoostSOFIES,x1bislx9,0.275,26,8.654547359,1.013535214,8654.547359,2.51,2.330214582,2510
FWAadaBoostSOFIES,pk2bj10v,0.562,26,8.290899253,1.287447496,8290.899253,3.992,2.280775307,3992
FWAadaBoostSOFIES,pk2bj10v,0.562,26,8.290899253,1.287447496,8290.899253,3.992,2.280775307,3992
FWAadaBoostSOFIES,pk2bj10v,0.562,26,8.290899253,1.287447496,8290.899253,3.992,2.280775307,3992
FWAadaBoostSOFIES,pk2bj10v,0.562,26,8.290899253,1.287447496,8290.899253,3.992,2.280775307,3992
FWAadaBoostSOFIES,pk2bj10v,0.562,26,8.290899253,1.287447496,8290.899253,3.992,2.280775307,3992
FWAadaBoostSOFIES,er1qsv6w,0.564,24,8.375114851,1.263736668,8375.114851,6.988,4.080178427,6988
FWAadaBoostSOFIES,er1qsv6w,0.564,24,8.375114851,1.263736668,8375.114851,6.988,4.080178427,6988
FWAadaBoostSOFIES,er1qsv6w,0.564,24,8.375114851,1.263736668,8375.114851,6.988,4.080178427,6988
FWAadaBoostSOFIES,er1qsv6w,0.564,24,8.375114851,1.263736668,8375.114851,6.988,4.080178427,6988
FWAadaBoostSOFIES,er1qsv6w,0.564,24,8.375114851,1.263736668,8375.114851,6.988,4.080178427,6988
FWAadaBoostSOFIES,7ei0i2op,0.402,24,8.079925774,1.301038907,8079.925774,3.56,2.651490147,3560
FWAadaBoostSOFIES,7ei0i2op,0.402,24,8.079925774,1.301038907,8079.925774,3.56,2.651490147,3560
FWAadaBoostSOFIES,7ei0i2op,0.402,24,8.079925774,1.301038907,8079.925774,3.56,2.651490147,3560
FWAadaBoostSOFIES,7ei0i2op,0.402,24,8.079925774,1.301038907,8079.925774,3.56,2.651490147,3560
FWAadaBoostSOFIES,7ei0i2op,0.402,24,8.079925774,1.301038907,8079.925774,3.56,2.651490147,3560
FWAadaBoostSOFIES,xglzxsb9,0.356,21,8.379878261,1.336845869,8379.878261,2.616,1.845140645,2616
FWAadaBoostSOFIES,xglzxsb9,0.356,21,8.379878261,1.336845869,8379.878261,2.616,1.845140645,2616
FWAadaBoostSOFIES,xglzxsb9,0.356,21,8.379878261,1.336845869,8379.878261,2.616,1.845140645,2616
FWAadaBoostSOFIES,xglzxsb9,0.356,21,8.379878261,1.336845869,8379.878261,2.616,1.845140645,2616
FWAadaBoostSOFIES,xglzxsb9,0.356,21,8.379878261,1.336845869,8379.878261,2.616,1.845140645,2616
FWAadaBoostSOFIES,3ejs2f6p,0.521,13,8.915408765,0.513219072,8915.408765,6.587,4.052953368,6587
FWAadaBoostSOFIES,3ejs2f6p,0.521,13,8.915408765,0.513219072,8915.408765,6.587,4.052953368,6587
FWAadaBoostSOFIES,3ejs2f6p,0.521,13,8.915408765,0.513219072,8915.408765,6.587,4.052953368,6587
FWAadaBoostSOFIES,3ejs2f6p,0.521,13,8.915408765,0.513219072,8915.408765,6.587,4.052953368,6587
FWAadaBoostSOFIES,3ejs2f6p,0.521,13,8.915408765,0.513219072,8915.408765,6.587,4.052953368,6587
FWAadaBoostSOFIES,zvwm632u,0.544,20,7.942659037,1.245882107,7942.659037,4.866,2.936672266,4866
FWAadaBoostSOFIES,zvwm632u,0.544,20,7.942659037,1.245882107,7942.659037,4.866,2.936672266,4866
FWAadaBoostSOFIES,zvwm632u,0.544,20,7.942659037,1.245882107,7942.659037,4.866,2.936672266,4866
FWAadaBoostSOFIES,zvwm632u,0.544,20,7.942659037,1.245882107,7942.659037,4.866,2.936672266,4866
FWAadaBoostSOFIES,zvwm632u,0.544,20,7.942659037,1.245882107,7942.659037,4.866,2.936672266,4866
FWAadaBoostSOFIES,c00gr4wo,0.256,42,8.730528537,0.897661061,8730.528537,2.405,1.966971022,2405
FWAadaBoostSOFIES,c00gr4wo,0.256,42,8.730528537,0.897661061,8730.528537,2.405,1.966971022,2405
FWAadaBoostSOFIES,c00gr4wo,0.256,42,8.730528537,0.897661061,8730.528537,2.405,1.966971022,2405
FWAadaBoostSOFIES,c00gr4wo,0.256,42,8.730528537,0.897661061,8730.528537,2.405,1.966971022,2405
FWAadaBoostSOFIES,c00gr4wo,0.256,42,8.730528537,0.897661061,8730.528537,2.405,1.966971022,2405
FWAadaBoostSOFIES,e33p12vr,0.121,16,7.28,0.717007671,7280,1.171,1.187332725,1171
FWAadaBoostSOFIES,e33p12vr,0.121,16,7.28,0.717007671,7280,1.171,1.187332725,1171
FWAadaBoostSOFIES,e33p12vr,0.121,16,7.28,0.717007671,7280,1.171,1.187332725,1171
FWAadaBoostSOFIES,e33p12vr,0.121,16,7.28,0.717007671,7280,1.171,1.187332725,1171
FWAadaBoostSOFIES,e33p12vr,0.121,16,7.28,0.717007671,7280,1.171,1.187332725,1171
FWAadaBoostSOFIES,y4vnuqyu,0.096,69,8.515948765,1.147035911,8515.948765,1.356,1.733569727,1356
FWAadaBoostSOFIES,y4vnuqyu,0.096,69,8.515948765,1.147035911,8515.948765,1.356,1.733569727,1356
FWAadaBoostSOFIES,y4vnuqyu,0.096,69,8.515948765,1.147035911,8515.948765,1.356,1.733569727,1356
FWAadaBoostSOFIES,y4vnuqyu,0.096,69,8.515948765,1.147035911,8515.948765,1.356,1.733569727,1356
FWAadaBoostSOFIES,y4vnuqyu,0.096,69,8.515948765,1.147035911,8515.948765,1.356,1.733569727,1356
max-acc,90fz82jx,1,0,8.828788281,0.542884961,8828.788281,1.634,1.636473037,1634
max-acc,90fz82jx,1,0,8.828788281,0.542884961,8828.788281,1.634,1.636473037,1634
max-acc,90fz82jx,1,0,8.828788281,0.542884961,8828.788281,1.634,1.636473037,1634
max-acc,90fz82jx,1,0,8.828788281,0.542884961,8828.788281,1.634,1.636473037,1634
max-acc,90fz82jx,1,0,8.828788281,0.542884961,8828.788281,1.634,1.636473037,1634
max-acc,2ej6b2i7,1,0,8.781766603,0.570896933,8781.766603,1.132,1.2371645,1132
max-acc,2ej6b2i7,1,0,8.781766603,0.570896933,8781.766603,1.132,1.2371645,1132
max-acc,2ej6b2i7,1,0,8.781766603,0.570896933,8781.766603,1.132,1.2371645,1132
max-acc,2ej6b2i7,1,0,8.781766603,0.570896933,8781.766603,1.132,1.2371645,1132
max-acc,2ej6b2i7,1,0,8.781766603,0.570896933,8781.766603,1.132,1.2371645,1132
max-acc,5shw42l7,1,0,8.706938879,0.584295904,8706.938879,1.982,1.731379797,1982
max-acc,5shw42l7,1,0,8.706938879,0.584295904,8706.938879,1.982,1.731379797,1982
max-acc,5shw42l7,1,0,8.706938879,0.584295904,8706.938879,1.982,1.731379797,1982
max-acc,5shw42l7,1,0,8.706938879,0.584295904,8706.938879,1.982,1.731379797,1982
max-acc,5shw42l7,1,0,8.706938879,0.584295904,8706.938879,1.982,1.731379797,1982
max-acc,24i4ipu5,1,0,8.789856638,0.567681653,8789.856638,1.307,1.307956804,1307
max-acc,24i4ipu5,1,0,8.789856638,0.567681653,8789.856638,1.307,1.307956804,1307
max-acc,24i4ipu5,1,0,8.789856638,0.567681653,8789.856638,1.307,1.307956804,1307
max-acc,24i4ipu5,1,0,8.789856638,0.567681653,8789.856638,1.307,1.307956804,1307
max-acc,24i4ipu5,1,0,8.789856638,0.567681653,8789.856638,1.307,1.307956804,1307
max-acc,ti0bl836,1,0,8.819297436,0.669845788,8819.297436,1.167,1.223564874,1167
max-acc,ti0bl836,1,0,8.819297436,0.669845788,8819.297436,1.167,1.223564874,1167
max-acc,ti0bl836,1,0,8.819297436,0.669845788,8819.297436,1.167,1.223564874,1167
max-acc,ti0bl836,1,0,8.819297436,0.669845788,8819.297436,1.167,1.223564874,1167
max-acc,ti0bl836,1,0,8.819297436,0.669845788,8819.297436,1.167,1.223564874,1167
max-acc,x1bislx9,1,0,8.818380457,0.575668404,8818.380457,1.349,1.336113393,1349
max-acc,x1bislx9,1,0,8.818380457,0.575668404,8818.380457,1.349,1.336113393,1349
max-acc,x1bislx9,1,0,8.818380457,0.575668404,8818.380457,1.349,1.336113393,1349
max-acc,x1bislx9,1,0,8.818380457,0.575668404,8818.380457,1.349,1.336113393,1349
max-acc,x1bislx9,1,0,8.818380457,0.575668404,8818.380457,1.349,1.336113393,1349
max-acc,pk2bj10v,1,0,8.541237173,0.616165543,8541.237173,2.561,2.098637415,2561
max-acc,pk2bj10v,1,0,8.541237173,0.616165543,8541.237173,2.561,2.098637415,2561
max-acc,pk2bj10v,1,0,8.541237173,0.616165543,8541.237173,2.561,2.098637415,2561
max-acc,pk2bj10v,1,0,8.541237173,0.616165543,8541.237173,2.561,2.098637415,2561
max-acc,pk2bj10v,1,0,8.541237173,0.616165543,8541.237173,2.561,2.098637415,2561
max-acc,er1qsv6w,1,0,8.590376215,0.642064297,8590.376215,4.383,3.631846775,4383
max-acc,er1qsv6w,1,0,8.590376215,0.642064297,8590.376215,4.383,3.631846775,4383
max-acc,er1qsv6w,1,0,8.590376215,0.642064297,8590.376215,4.383,3.631846775,4383
max-acc,er1qsv6w,1,0,8.590376215,0.642064297,8590.376215,4.383,3.631846775,4383
max-acc,er1qsv6w,1,0,8.590376215,0.642064297,8590.376215,4.383,3.631846775,4383
max-acc,7ei0i2op,1,0,8.295184295,0.702621878,8295.184295,2.453,2.214450496,2453
max-acc,7ei0i2op,1,0,8.295184295,0.702621878,8295.184295,2.453,2.214450496,2453
max-acc,7ei0i2op,1,0,8.295184295,0.702621878,8295.184295,2.453,2.214450496,2453
max-acc,7ei0i2op,1,0,8.295184295,0.702621878,8295.184295,2.453,2.214450496,2453
max-acc,7ei0i2op,1,0,8.295184295,0.702621878,8295.184295,2.453,2.214450496,2453
max-acc,xglzxsb9,1,0,8.757964081,0.556854833,8757.964081,1.797,1.516506182,1797
max-acc,xglzxsb9,1,0,8.757964081,0.556854833,8757.964081,1.797,1.516506182,1797
max-acc,xglzxsb9,1,0,8.757964081,0.556854833,8757.964081,1.797,1.516506182,1797
max-acc,xglzxsb9,1,0,8.757964081,0.556854833,8757.964081,1.797,1.516506182,1797
max-acc,xglzxsb9,1,0,8.757964081,0.556854833,8757.964081,1.797,1.516506182,1797
max-acc,3ejs2f6p,1,0,8.832009982,0.558143051,8832.009982,3.788,3.209214234,3788
max-acc,3ejs2f6p,1,0,8.832009982,0.558143051,8832.009982,3.788,3.209214234,3788
max-acc,3ejs2f6p,1,0,8.832009982,0.558143051,8832.009982,3.788,3.209214234,3788
max-acc,3ejs2f6p,1,0,8.832009982,0.558143051,8832.009982,3.788,3.209214234,3788
max-acc,3ejs2f6p,1,0,8.832009982,0.558143051,8832.009982,3.788,3.209214234,3788
max-acc,zvwm632u,1,0,8.168376678,0.72924806,8168.376678,3.156,2.630905548,3156
max-acc,zvwm632u,1,0,8.168376678,0.72924806,8168.376678,3.156,2.630905548,3156
max-acc,zvwm632u,1,0,8.168376678,0.72924806,8168.376678,3.156,2.630905548,3156
max-acc,zvwm632u,1,0,8.168376678,0.72924806,8168.376678,3.156,2.630905548,3156
max-acc,zvwm632u,1,0,8.168376678,0.72924806,8168.376678,3.156,2.630905548,3156
max-acc,c00gr4wo,1,0,8.796001811,0.584176469,8796.001811,1.443,1.550080966,1443
max-acc,c00gr4wo,1,0,8.796001811,0.584176469,8796.001811,1.443,1.550080966,1443
max-acc,c00gr4wo,1,0,8.796001811,0.584176469,8796.001811,1.443,1.550080966,1443
max-acc,c00gr4wo,1,0,8.796001811,0.584176469,8796.001811,1.443,1.550080966,1443
max-acc,c00gr4wo,1,0,8.796001811,0.584176469,8796.001811,1.443,1.550080966,1443
max-acc,e33p12vr,1,0,7.497150507,0.071811559,7497.150507,0.968,0.946031712,968
max-acc,e33p12vr,1,0,7.497150507,0.071811559,7497.150507,0.968,0.946031712,968
max-acc,e33p12vr,1,0,7.497150507,0.071811559,7497.150507,0.968,0.946031712,968
max-acc,e33p12vr,1,0,7.497150507,0.071811559,7497.150507,0.968,0.946031712,968
max-acc,e33p12vr,1,0,7.497150507,0.071811559,7497.150507,0.968,0.946031712,968
max-acc,y4vnuqyu,1,0,8.80643979,0.653340672,8806.43979,0.874,1.296195973,874
max-acc,y4vnuqyu,1,0,8.80643979,0.653340672,8806.43979,0.874,1.296195973,874
max-acc,y4vnuqyu,1,0,8.80643979,0.653340672,8806.43979,0.874,1.296195973,874
max-acc,y4vnuqyu,1,0,8.80643979,0.653340672,8806.43979,0.874,1.296195973,874
max-acc,y4vnuqyu,1,0,8.80643979,0.653340672,8806.43979,0.874,1.296195973,874
random,90fz82jx,0.047,0,6.74954074,1.620245049,6749.54074,0.675,0.818153409,675
random,90fz82jx,0.046,0,6.66079754,1.648665684,6660.79754,0.653,0.778839521,653
random,90fz82jx,0.055,0,6.761773025,1.626097921,6761.773025,0.626,0.744395056,626
random,90fz82jx,0.047,0,6.741796117,1.656123536,6741.796117,0.663,0.795883785,663
random,90fz82jx,0.042,0,6.814622695,1.635141615,6814.622695,0.665,0.801732499,665
random,2ej6b2i7,0.026,0,6.556098883,1.729893092,6556.098883,0.429,0.650352981,429
random,2ej6b2i7,0.042,0,6.516364607,1.69763393,6516.364607,0.438,0.649735331,438
random,2ej6b2i7,0.032,0,6.454211011,1.69732468,6454.211011,0.481,0.695441586,481
random,2ej6b2i7,0.02,0,6.569459415,1.662014476,6569.459415,0.448,0.649073185,448
random,2ej6b2i7,0.04,0,6.547448654,1.694336832,6547.448654,0.445,0.636376461,445
random,5shw42l7,0.044,0,6.434016488,1.526365068,6434.016488,0.52,0.688186021,520
random,5shw42l7,0.053,0,6.490246481,1.518660619,6490.246481,0.515,0.694100137,515
random,5shw42l7,0.034,0,6.44628242,1.492147856,6446.28242,0.55,0.733143915,550
random,5shw42l7,0.043,0,6.434634303,1.516613769,6434.634303,0.535,0.72579267,535
random,5shw42l7,0.027,0,6.427789876,1.496416444,6427.789876,0.558,0.718773956,558
random,24i4ipu5,0.032,0,6.693158755,1.588430262,6693.158755,0.461,0.67858603,461
random,24i4ipu5,0.026,0,6.634539973,1.588299201,6634.539973,0.454,0.660215116,454
random,24i4ipu5,0.031,0,6.643217643,1.533835389,6643.217643,0.473,0.700907269,473
random,24i4ipu5,0.029,0,6.536484701,1.522111779,6536.484701,0.46,0.654522727,460
random,24i4ipu5,0.03,0,6.608261519,1.573083156,6608.261519,0.44,0.659090282,440
random,ti0bl836,0.036,0,6.483467659,2.074270586,6483.467659,0.409,0.638528778,409
random,ti0bl836,0.024,0,6.420867411,2.113075622,6420.867411,0.392,0.6374449,392
random,ti0bl836,0.017,0,6.528777063,2.150966496,6528.777063,0.406,0.648971494,406
random,ti0bl836,0.022,0,6.465701436,2.087019044,6465.701436,0.365,0.591417788,365
random,ti0bl836,0.016,0,6.39087729,2.068550863,6390.87729,0.404,0.625127187,404
random,x1bislx9,0.039,0,6.592384335,1.960085293,6592.384335,0.565,0.737411012,565
random,x1bislx9,0.026,0,6.509675322,1.916648473,6509.675322,0.555,0.736868374,555
random,x1bislx9,0.051,0,6.488968797,1.984845546,6488.968797,0.525,0.722063017,525
random,x1bislx9,0.041,0,6.548268496,1.952590988,6548.268496,0.515,0.688313155,515
random,x1bislx9,0.039,0,6.639414486,1.938202153,6639.414486,0.595,0.776514649,595
random,pk2bj10v,0.045,0,6.191641878,1.639024482,6191.641878,0.537,0.724314158,537
random,pk2bj10v,0.039,0,6.194598793,1.650726995,6194.598793,0.561,0.718525574,561
random,pk2bj10v,0.037,0,6.272577372,1.673901594,6272.577372,0.514,0.712603677,514
random,pk2bj10v,0.045,0,6.2427228,1.672835519,6242.7228,0.541,0.739133953,541
random,pk2bj10v,0.035,0,6.134311634,1.682773776,6134.311634,0.503,0.687016011,503
random,er1qsv6w,0.053,0,6.439448746,1.542383312,6439.448746,0.577,0.751046603,577
random,er1qsv6w,0.042,0,6.374286477,1.544162752,6374.286477,0.577,0.748378915,577
random,er1qsv6w,0.041,0,6.362621313,1.515240788,6362.621313,0.601,0.771880172,601
random,er1qsv6w,0.045,0,6.420512178,1.568025191,6420.512178,0.588,0.748502505,588
random,er1qsv6w,0.041,0,6.441280174,1.475041634,6441.280174,0.56,0.72,560
random,7ei0i2op,0.046,0,6.418366531,1.488611934,6418.366531,0.572,0.732677282,572
random,7ei0i2op,0.043,0,6.379547202,1.522039662,6379.547202,0.593,0.771589917,593
random,7ei0i2op,0.031,0,6.249204541,1.543445929,6249.204541,0.612,0.749303677,612
random,7ei0i2op,0.037,0,6.402045005,1.521733527,6402.045005,0.575,0.717199414,575
random,7ei0i2op,0.042,0,6.373708296,1.507641826,6373.708296,0.594,0.742404203,594
random,xglzxsb9,0.047,0,6.570786498,1.650105799,6570.786498,0.617,0.770915689,617
random,xglzxsb9,0.05,0,6.488271843,1.62458652,6488.271843,0.652,0.766091378,652
random,xglzxsb9,0.057,0,6.469114395,1.648813661,6469.114395,0.661,0.793775157,661
random,xglzxsb9,0.05,0,6.560435463,1.696795542,6560.435463,0.661,0.787450951,661
random,xglzxsb9,0.04,0,6.55174068,1.667500077,6551.74068,0.633,0.74048025,633
random,3ejs2f6p,0.089,0,6.714529421,1.783936388,6714.529421,1.048,0.944296564,1048
random,3ejs2f6p,0.076,0,6.830500171,1.730318106,6830.500171,1.045,1.002484414,1045
random,3ejs2f6p,0.082,0,6.739042003,1.79260735,6739.042003,1.089,1.025221439,1089
random,3ejs2f6p,0.074,0,6.848796696,1.622421671,6848.796696,1.083,1.003050846,1083
random,3ejs2f6p,0.09,0,6.709009134,1.759669048,6709.009134,1.047,0.952255743,1047
random,zvwm632u,0.046,0,6.192842666,1.641576212,6192.842666,0.674,0.793551511,674
random,zvwm632u,0.063,0,6.295816839,1.604346503,6295.816839,0.66,0.80274529,660
random,zvwm632u,0.036,0,6.275398799,1.589476717,6275.398799,0.697,0.832580927,697
random,zvwm632u,0.045,0,6.300977322,1.560190286,6300.977322,0.702,0.79195707,702
random,zvwm632u,0.055,0,6.40718001,1.491865249,6407.18001,0.672,0.808959826,672
random,c00gr4wo,0.027,0,6.526866549,1.739142679,6526.866549,0.341,0.607222365,341
random,c00gr4wo,0.022,0,6.422303254,1.764569347,6422.303254,0.336,0.559556968,336
random,c00gr4wo,0.017,0,6.463676891,1.727464577,6463.676891,0.308,0.535850725,308
random,c00gr4wo,0.019,0,6.436866873,1.715994838,6436.866873,0.307,0.557450446,307
random,c00gr4wo,0.022,0,6.478384926,1.74367816,6478.384926,0.337,0.587733783,337
random,e33p12vr,0.074,0,6.420678136,1.309768667,6420.678136,0.835,0.871650733,835
random,e33p12vr,0.05,0,6.45895607,1.331239772,6458.95607,0.866,0.887718424,866
random,e33p12vr,0.07,0,6.405432166,1.311686445,6405.432166,0.879,0.916710969,879
random,e33p12vr,0.053,0,6.376587894,1.298353208,6376.587894,0.889,0.958477438,889
random,e33p12vr,0.05,0,6.415881742,1.361429326,6415.881742,0.861,0.900932295,861
random,y4vnuqyu,0.014,0,6.520515655,1.990562393,6520.515655,0.194,0.436307231,194
random,y4vnuqyu,0.016,0,6.539987398,1.948771466,6539.987398,0.208,0.436733328,208
random,y4vnuqyu,0.013,0,6.609836581,1.911602906,6609.836581,0.201,0.436576454,201
random,y4vnuqyu,0.014,0,6.607960178,2.008200702,6607.960178,0.202,0.439540669,202
random,y4vnuqyu,0.016,0,6.517125915,1.929214192,6517.125915,0.214,0.458480098,214
MEEFIS,90fz82jx,0.407,20.22222222,8.948520622,0.439657303,8948.520622,4.105,2.150342996,4105
MEEFIS,90fz82jx,0.407,20.22222222,8.948520622,0.439657303,8948.520622,4.105,2.150342996,4105
MEEFIS,90fz82jx,0.407,20.22222222,8.948520622,0.439657303,8948.520622,4.105,2.150342996,4105
MEEFIS,90fz82jx,0.407,20.22222222,8.948520622,0.439657303,8948.520622,4.105,2.150342996,4105
MEEFIS,90fz82jx,0.407,20.22222222,8.948520622,0.439657303,8948.520622,4.105,2.150342996,4105
MEEFIS,2ej6b2i7,0.235,26.88888889,8.65108271,1.013921739,8651.08271,2.162,1.568998407,2162
MEEFIS,2ej6b2i7,0.235,26.88888889,8.65108271,1.013921739,8651.08271,2.162,1.568998407,2162
MEEFIS,2ej6b2i7,0.235,26.88888889,8.65108271,1.013921739,8651.08271,2.162,1.568998407,2162
MEEFIS,2ej6b2i7,0.235,26.88888889,8.65108271,1.013921739,8651.08271,2.162,1.568998407,2162
MEEFIS,2ej6b2i7,0.235,26.88888889,8.65108271,1.013921739,8651.08271,2.162,1.568998407,2162
MEEFIS,5shw42l7,0.455,33,8.621677626,0.984379326,8621.677626,3.525,2.350186163,3525
MEEFIS,5shw42l7,0.455,33,8.621677626,0.984379326,8621.677626,3.525,2.350186163,3525
MEEFIS,5shw42l7,0.455,33,8.621677626,0.984379326,8621.677626,3.525,2.350186163,3525
MEEFIS,5shw42l7,0.455,33,8.621677626,0.984379326,8621.677626,3.525,2.350186163,3525
MEEFIS,5shw42l7,0.455,33,8.621677626,0.984379326,8621.677626,3.525,2.350186163,3525
MEEFIS,24i4ipu5,0.35,18.88888889,8.456027049,1.380411026,8456.027049,3.614,2.000250984,3614
MEEFIS,24i4ipu5,0.35,18.88888889,8.456027049,1.380411026,8456.027049,3.614,2.000250984,3614
MEEFIS,24i4ipu5,0.35,18.88888889,8.456027049,1.380411026,8456.027049,3.614,2.000250984,3614
MEEFIS,24i4ipu5,0.35,18.88888889,8.456027049,1.380411026,8456.027049,3.614,2.000250984,3614
MEEFIS,24i4ipu5,0.35,18.88888889,8.456027049,1.380411026,8456.027049,3.614,2.000250984,3614
MEEFIS,ti0bl836,0.273,19.22222222,8.955891876,0.429674231,8955.891876,4.743,2.706834129,4743
MEEFIS,ti0bl836,0.273,19.22222222,8.955891876,0.429674231,8955.891876,4.743,2.706834129,4743
MEEFIS,ti0bl836,0.273,19.22222222,8.955891876,0.429674231,8955.891876,4.743,2.706834129,4743
MEEFIS,ti0bl836,0.273,19.22222222,8.955891876,0.429674231,8955.891876,4.743,2.706834129,4743
MEEFIS,ti0bl836,0.273,19.22222222,8.955891876,0.429674231,8955.891876,4.743,2.706834129,4743
MEEFIS,x1bislx9,0.34,24.55555556,8.93116263,0.487386025,8931.16263,4.338,2.966438268,4338
MEEFIS,x1bislx9,0.34,24.55555556,8.93116263,0.487386025,8931.16263,4.338,2.966438268,4338
MEEFIS,x1bislx9,0.34,24.55555556,8.93116263,0.487386025,8931.16263,4.338,2.966438268,4338
MEEFIS,x1bislx9,0.34,24.55555556,8.93116263,0.487386025,8931.16263,4.338,2.966438268,4338
MEEFIS,x1bislx9,0.34,24.55555556,8.93116263,0.487386025,8931.16263,4.338,2.966438268,4338
MEEFIS,pk2bj10v,0.571,29.11111111,8.398585717,1.230008385,8398.585717,5.548,2.61757445,5548
MEEFIS,pk2bj10v,0.571,29.11111111,8.398585717,1.230008385,8398.585717,5.548,2.61757445,5548
MEEFIS,pk2bj10v,0.571,29.11111111,8.398585717,1.230008385,8398.585717,5.548,2.61757445,5548
MEEFIS,pk2bj10v,0.571,29.11111111,8.398585717,1.230008385,8398.585717,5.548,2.61757445,5548
MEEFIS,pk2bj10v,0.571,29.11111111,8.398585717,1.230008385,8398.585717,5.548,2.61757445,5548
MEEFIS,er1qsv6w,0.609,30.33333333,8.542251666,1.145879649,8542.251666,6.952,3.689403204,6952
MEEFIS,er1qsv6w,0.609,30.33333333,8.542251666,1.145879649,8542.251666,6.952,3.689403204,6952
MEEFIS,er1qsv6w,0.609,30.33333333,8.542251666,1.145879649,8542.251666,6.952,3.689403204,6952
MEEFIS,er1qsv6w,0.609,30.33333333,8.542251666,1.145879649,8542.251666,6.952,3.689403204,6952
MEEFIS,er1qsv6w,0.609,30.33333333,8.542251666,1.145879649,8542.251666,6.952,3.689403204,6952
MEEFIS,7ei0i2op,0.439,33.44444444,8.13269357,1.256773231,8132.69357,3.923,2.151992333,3923
MEEFIS,7ei0i2op,0.439,33.44444444,8.13269357,1.256773231,8132.69357,3.923,2.151992333,3923
MEEFIS,7ei0i2op,0.439,33.44444444,8.13269357,1.256773231,8132.69357,3.923,2.151992333,3923
MEEFIS,7ei0i2op,0.439,33.44444444,8.13269357,1.256773231,8132.69357,3.923,2.151992333,3923
MEEFIS,7ei0i2op,0.439,33.44444444,8.13269357,1.256773231,8132.69357,3.923,2.151992333,3923
MEEFIS,xglzxsb9,0.464,24.33333333,8.892298154,0.497216325,8892.298154,4.261,2.207459852,4261
MEEFIS,xglzxsb9,0.464,24.33333333,8.892298154,0.497216325,8892.298154,4.261,2.207459852,4261
MEEFIS,xglzxsb9,0.464,24.33333333,8.892298154,0.497216325,8892.298154,4.261,2.207459852,4261
MEEFIS,xglzxsb9,0.464,24.33333333,8.892298154,0.497216325,8892.298154,4.261,2.207459852,4261
MEEFIS,xglzxsb9,0.464,24.33333333,8.892298154,0.497216325,8892.298154,4.261,2.207459852,4261
MEEFIS,3ejs2f6p,0.478,39.55555556,8.806417327,0.836906687,8806.417327,13.895,1.001985529,13895
MEEFIS,3ejs2f6p,0.478,39.55555556,8.806417327,0.836906687,8806.417327,13.895,1.001985529,13895
MEEFIS,3ejs2f6p,0.478,39.55555556,8.806417327,0.836906687,8806.417327,13.895,1.001985529,13895
MEEFIS,3ejs2f6p,0.478,39.55555556,8.806417327,0.836906687,8806.417327,13.895,1.001985529,13895
MEEFIS,3ejs2f6p,0.478,39.55555556,8.806417327,0.836906687,8806.417327,13.895,1.001985529,13895
MEEFIS,zvwm632u,0.603,35.44444444,8.148824576,1.098200901,8148.824576,6.302,2.979059583,6302
MEEFIS,zvwm632u,0.603,35.44444444,8.148824576,1.098200901,8148.824576,6.302,2.979059583,6302
MEEFIS,zvwm632u,0.603,35.44444444,8.148824576,1.098200901,8148.824576,6.302,2.979059583,6302
MEEFIS,zvwm632u,0.603,35.44444444,8.148824576,1.098200901,8148.824576,6.302,2.979059583,6302
MEEFIS,zvwm632u,0.603,35.44444444,8.148824576,1.098200901,8148.824576,6.302,2.979059583,6302
MEEFIS,c00gr4wo,0.365,30.33333333,9.012961078,0.104776996,9012.961078,4.625,2.667653463,4625
MEEFIS,c00gr4wo,0.365,30.33333333,9.012961078,0.104776996,9012.961078,4.625,2.667653463,4625
MEEFIS,c00gr4wo,0.365,30.33333333,9.012961078,0.104776996,9012.961078,4.625,2.667653463,4625
MEEFIS,c00gr4wo,0.365,30.33333333,9.012961078,0.104776996,9012.961078,4.625,2.667653463,4625
MEEFIS,c00gr4wo,0.365,30.33333333,9.012961078,0.104776996,9012.961078,4.625,2.667653463,4625
MEEFIS,e33p12vr,0.153,25.11111111,7.4475,0.358460249,7447.5,4.046,2.586867604,4046
MEEFIS,e33p12vr,0.153,25.11111111,7.4475,0.358460249,7447.5,4.046,2.586867604,4046
MEEFIS,e33p12vr,0.153,25.11111111,7.4475,0.358460249,7447.5,4.046,2.586867604,4046
MEEFIS,e33p12vr,0.153,25.11111111,7.4475,0.358460249,7447.5,4.046,2.586867604,4046
MEEFIS,e33p12vr,0.153,25.11111111,7.4475,0.358460249,7447.5,4.046,2.586867604,4046
MEEFIS,y4vnuqyu,0.2,23.11111111,9.053673014,0.052426554,9053.673014,10.918,3.780380404,10918
MEEFIS,y4vnuqyu,0.2,23.11111111,9.053673014,0.052426554,9053.673014,10.918,3.780380404,10918
MEEFIS,y4vnuqyu,0.2,23.11111111,9.053673014,0.052426554,9053.673014,10.918,3.780380404,10918
MEEFIS,y4vnuqyu,0.2,23.11111111,9.053673014,0.052426554,9053.673014,10.918,3.780380404,10918
MEEFIS,y4vnuqyu,0.2,23.11111111,9.053673014,0.052426554,9053.673014,10.918,3.780380404,10918
PSOALFS,90fz82jx,0.05,21,6.676922562,1.663730592,6676.922562,2.756,1.866136115,2756
PSOALFS,90fz82jx,0.05,21,6.676922562,1.663730592,6676.922562,2.756,1.866136115,2756
PSOALFS,90fz82jx,0.05,21,6.676922562,1.663730592,6676.922562,2.756,1.866136115,2756
PSOALFS,90fz82jx,0.05,21,6.676922562,1.663730592,6676.922562,2.756,1.866136115,2756
PSOALFS,90fz82jx,0.05,21,6.676922562,1.663730592,6676.922562,2.756,1.866136115,2756
PSOALFS,2ej6b2i7,0.081,31,7.426820747,1.705566331,7426.820747,2.872,1.953360182,2872
PSOALFS,2ej6b2i7,0.081,31,7.426820747,1.705566331,7426.820747,2.872,1.953360182,2872
PSOALFS,2ej6b2i7,0.081,31,7.426820747,1.705566331,7426.820747,2.872,1.953360182,2872
PSOALFS,2ej6b2i7,0.081,31,7.426820747,1.705566331,7426.820747,2.872,1.953360182,2872
PSOALFS,2ej6b2i7,0.081,31,7.426820747,1.705566331,7426.820747,2.872,1.953360182,2872
PSOALFS,5shw42l7,0.136,26,7.227021362,1.668921673,7227.021362,2.877,2.111840666,2877
PSOALFS,5shw42l7,0.136,26,7.227021362,1.668921673,7227.021362,2.877,2.111840666,2877
PSOALFS,5shw42l7,0.136,26,7.227021362,1.668921673,7227.021362,2.877,2.111840666,2877
PSOALFS,5shw42l7,0.136,26,7.227021362,1.668921673,7227.021362,2.877,2.111840666,2877
PSOALFS,5shw42l7,0.136,26,7.227021362,1.668921673,7227.021362,2.877,2.111840666,2877
PSOALFS,24i4ipu5,0.062,31,6.605863455,1.902989584,6605.863455,3.461,1.826603131,3461
PSOALFS,24i4ipu5,0.062,31,6.605863455,1.902989584,6605.863455,3.461,1.826603131,3461
PSOALFS,24i4ipu5,0.062,31,6.605863455,1.902989584,6605.863455,3.461,1.826603131,3461
PSOALFS,24i4ipu5,0.062,31,6.605863455,1.902989584,6605.863455,3.461,1.826603131,3461
PSOALFS,24i4ipu5,0.062,31,6.605863455,1.902989584,6605.863455,3.461,1.826603131,3461
PSOALFS,ti0bl836,0.047,36,7.199304763,1.643617616,7199.304763,3.644,2.211620221,3644
PSOALFS,ti0bl836,0.047,36,7.199304763,1.643617616,7199.304763,3.644,2.211620221,3644
PSOALFS,ti0bl836,0.047,36,7.199304763,1.643617616,7199.304763,3.644,2.211620221,3644
PSOALFS,ti0bl836,0.047,36,7.199304763,1.643617616,7199.304763,3.644,2.211620221,3644
PSOALFS,ti0bl836,0.047,36,7.199304763,1.643617616,7199.304763,3.644,2.211620221,3644
PSOALFS,x1bislx9,0.065,26,7.055113474,1.918315609,7055.113474,1.995,1.519531178,1995
PSOALFS,x1bislx9,0.065,26,7.055113474,1.918315609,7055.113474,1.995,1.519531178,1995
PSOALFS,x1bislx9,0.065,26,7.055113474,1.918315609,7055.113474,1.995,1.519531178,1995
PSOALFS,x1bislx9,0.065,26,7.055113474,1.918315609,7055.113474,1.995,1.519531178,1995
PSOALFS,x1bislx9,0.065,26,7.055113474,1.918315609,7055.113474,1.995,1.519531178,1995
PSOALFS,pk2bj10v,0.027,26,6.421594484,1.799141526,6421.594484,3.395,2.188829596,3395
PSOALFS,pk2bj10v,0.027,26,6.421594484,1.799141526,6421.594484,3.395,2.188829596,3395
PSOALFS,pk2bj10v,0.027,26,6.421594484,1.799141526,6421.594484,3.395,2.188829596,3395
PSOALFS,pk2bj10v,0.027,26,6.421594484,1.799141526,6421.594484,3.395,2.188829596,3395
PSOALFS,pk2bj10v,0.027,26,6.421594484,1.799141526,6421.594484,3.395,2.188829596,3395
PSOALFS,er1qsv6w,0.068,24,6.317181735,1.481162212,6317.181735,3.979,2.928234792,3979
PSOALFS,er1qsv6w,0.068,24,6.317181735,1.481162212,6317.181735,3.979,2.928234792,3979
PSOALFS,er1qsv6w,0.068,24,6.317181735,1.481162212,6317.181735,3.979,2.928234792,3979
PSOALFS,er1qsv6w,0.068,24,6.317181735,1.481162212,6317.181735,3.979,2.928234792,3979
PSOALFS,er1qsv6w,0.068,24,6.317181735,1.481162212,6317.181735,3.979,2.928234792,3979
PSOALFS,7ei0i2op,0.106,24,6.919284844,1.564949995,6919.284844,2.855,2.166558331,2855
PSOALFS,7ei0i2op,0.106,24,6.919284844,1.564949995,6919.284844,2.855,2.166558331,2855
PSOALFS,7ei0i2op,0.106,24,6.919284844,1.564949995,6919.284844,2.855,2.166558331,2855
PSOALFS,7ei0i2op,0.106,24,6.919284844,1.564949995,6919.284844,2.855,2.166558331,2855
PSOALFS,7ei0i2op,0.106,24,6.919284844,1.564949995,6919.284844,2.855,2.166558331,2855
PSOALFS,xglzxsb9,0.146,21,7.591226106,1.595964449,7591.226106,3.2,1.880957203,3200
PSOALFS,xglzxsb9,0.146,21,7.591226106,1.595964449,7591.226106,3.2,1.880957203,3200
PSOALFS,xglzxsb9,0.146,21,7.591226106,1.595964449,7591.226106,3.2,1.880957203,3200
PSOALFS,xglzxsb9,0.146,21,7.591226106,1.595964449,7591.226106,3.2,1.880957203,3200
PSOALFS,xglzxsb9,0.146,21,7.591226106,1.595964449,7591.226106,3.2,1.880957203,3200
PSOALFS,3ejs2f6p,0.242,13,7.632325843,1.692509165,7632.325843,4.518,2.500335178,4518
PSOALFS,3ejs2f6p,0.242,13,7.632325843,1.692509165,7632.325843,4.518,2.500335178,4518
PSOALFS,3ejs2f6p,0.242,13,7.632325843,1.692509165,7632.325843,4.518,2.500335178,4518
PSOALFS,3ejs2f6p,0.242,13,7.632325843,1.692509165,7632.325843,4.518,2.500335178,4518
PSOALFS,3ejs2f6p,0.242,13,7.632325843,1.692509165,7632.325843,4.518,2.500335178,4518
PSOALFS,zvwm632u,0.082,20,6.688895485,1.226650216,6688.895485,2.082,1.494414936,2082
PSOALFS,zvwm632u,0.082,20,6.688895485,1.226650216,6688.895485,2.082,1.494414936,2082
PSOALFS,zvwm632u,0.082,20,6.688895485,1.226650216,6688.895485,2.082,1.494414936,2082
PSOALFS,zvwm632u,0.082,20,6.688895485,1.226650216,6688.895485,2.082,1.494414936,2082
PSOALFS,zvwm632u,0.082,20,6.688895485,1.226650216,6688.895485,2.082,1.494414936,2082
PSOALFS,c00gr4wo,0.046,42,6.949275472,1.558173855,6949.275472,2.81,1.85199892,2810
PSOALFS,c00gr4wo,0.046,42,6.949275472,1.558173855,6949.275472,2.81,1.85199892,2810
PSOALFS,c00gr4wo,0.046,42,6.949275472,1.558173855,6949.275472,2.81,1.85199892,2810
PSOALFS,c00gr4wo,0.046,42,6.949275472,1.558173855,6949.275472,2.81,1.85199892,2810
PSOALFS,c00gr4wo,0.046,42,6.949275472,1.558173855,6949.275472,2.81,1.85199892,2810
PSOALFS,e33p12vr,0.068,16,6.305,1.248789414,6305,4.745,2.514353794,4745
PSOALFS,e33p12vr,0.068,16,6.305,1.248789414,6305,4.745,2.514353794,4745
PSOALFS,e33p12vr,0.068,16,6.305,1.248789414,6305,4.745,2.514353794,4745
PSOALFS,e33p12vr,0.068,16,6.305,1.248789414,6305,4.745,2.514353794,4745
PSOALFS,e33p12vr,0.068,16,6.305,1.248789414,6305,4.745,2.514353794,4745
PSOALFS,y4vnuqyu,0.033,69,6.989658378,2.083313181,6989.658378,1.297,1.216055509,1297
PSOALFS,y4vnuqyu,0.033,69,6.989658378,2.083313181,6989.658378,1.297,1.216055509,1297
PSOALFS,y4vnuqyu,0.033,69,6.989658378,2.083313181,6989.658378,1.297,1.216055509,1297
PSOALFS,y4vnuqyu,0.033,69,6.989658378,2.083313181,6989.658378,1.297,1.216055509,1297
PSOALFS,y4vnuqyu,0.033,69,6.989658378,2.083313181,6989.658378,1.297,1.216055509,1297
SAFLS,90fz82jx,0.452,20,8.999156372,0.112308934,8999.156372,3.804,3.018540044,3804
SAFLS,90fz82jx,0.452,20,8.999156372,0.112308934,8999.156372,3.804,3.018540044,3804
SAFLS,90fz82jx,0.452,20,8.999156372,0.112308934,8999.156372,3.804,3.018540044,3804
SAFLS,90fz82jx,0.452,20,8.999156372,0.112308934,8999.156372,3.804,3.018540044,3804
SAFLS,90fz82jx,0.452,20,8.999156372,0.112308934,8999.156372,3.804,3.018540044,3804
SAFLS,2ej6b2i7,0.337,18,8.911433325,0.436250326,8911.433325,3.083,2.638581248,3083
SAFLS,2ej6b2i7,0.337,18,8.911433325,0.436250326,8911.433325,3.083,2.638581248,3083
SAFLS,2ej6b2i7,0.337,18,8.911433325,0.436250326,8911.433325,3.083,2.638581248,3083
SAFLS,2ej6b2i7,0.337,18,8.911433325,0.436250326,8911.433325,3.083,2.638581248,3083
SAFLS,2ej6b2i7,0.337,18,8.911433325,0.436250326,8911.433325,3.083,2.638581248,3083
SAFLS,5shw42l7,0.551,22,8.755102501,0.825252774,8755.102501,4.01,2.384093119,4010
SAFLS,5shw42l7,0.551,22,8.755102501,0.825252774,8755.102501,4.01,2.384093119,4010
SAFLS,5shw42l7,0.551,22,8.755102501,0.825252774,8755.102501,4.01,2.384093119,4010
SAFLS,5shw42l7,0.551,22,8.755102501,0.825252774,8755.102501,4.01,2.384093119,4010
SAFLS,5shw42l7,0.551,22,8.755102501,0.825252774,8755.102501,4.01,2.384093119,4010
SAFLS,24i4ipu5,0.386,20,8.948157942,0.35402117,8948.157942,3.588,2.353774841,3588
SAFLS,24i4ipu5,0.386,20,8.948157942,0.35402117,8948.157942,3.588,2.353774841,3588
SAFLS,24i4ipu5,0.386,20,8.948157942,0.35402117,8948.157942,3.588,2.353774841,3588
SAFLS,24i4ipu5,0.386,20,8.948157942,0.35402117,8948.157942,3.588,2.353774841,3588
SAFLS,24i4ipu5,0.386,20,8.948157942,0.35402117,8948.157942,3.588,2.353774841,3588
SAFLS,ti0bl836,0.279,16,8.934454052,0.534286492,8934.454052,4.298,2.645977324,4298
SAFLS,ti0bl836,0.279,16,8.934454052,0.534286492,8934.454052,4.298,2.645977324,4298
SAFLS,ti0bl836,0.279,16,8.934454052,0.534286492,8934.454052,4.298,2.645977324,4298
SAFLS,ti0bl836,0.279,16,8.934454052,0.534286492,8934.454052,4.298,2.645977324,4298
SAFLS,ti0bl836,0.279,16,8.934454052,0.534286492,8934.454052,4.298,2.645977324,4298
SAFLS,x1bislx9,0.336,24,8.999281263,0.120831674,8999.281263,3.65,2.926345844,3650
SAFLS,x1bislx9,0.336,24,8.999281263,0.120831674,8999.281263,3.65,2.926345844,3650
SAFLS,x1bislx9,0.336,24,8.999281263,0.120831674,8999.281263,3.65,2.926345844,3650
SAFLS,x1bislx9,0.336,24,8.999281263,0.120831674,8999.281263,3.65,2.926345844,3650
SAFLS,x1bislx9,0.336,24,8.999281263,0.120831674,8999.281263,3.65,2.926345844,3650
SAFLS,pk2bj10v,0.639,21,8.640910478,0.739313752,8640.910478,4.952,2.390333868,4952
SAFLS,pk2bj10v,0.639,21,8.640910478,0.739313752,8640.910478,4.952,2.390333868,4952
SAFLS,pk2bj10v,0.639,21,8.640910478,0.739313752,8640.910478,4.952,2.390333868,4952
SAFLS,pk2bj10v,0.639,21,8.640910478,0.739313752,8640.910478,4.952,2.390333868,4952
SAFLS,pk2bj10v,0.639,21,8.640910478,0.739313752,8640.910478,4.952,2.390333868,4952
SAFLS,er1qsv6w,0.658,24,8.720236255,0.821288651,8720.236255,8.167,4.235930948,8167
SAFLS,er1qsv6w,0.658,24,8.720236255,0.821288651,8720.236255,8.167,4.235930948,8167
SAFLS,er1qsv6w,0.658,24,8.720236255,0.821288651,8720.236255,8.167,4.235930948,8167
SAFLS,er1qsv6w,0.658,24,8.720236255,0.821288651,8720.236255,8.167,4.235930948,8167
SAFLS,er1qsv6w,0.658,24,8.720236255,0.821288651,8720.236255,8.167,4.235930948,8167
SAFLS,7ei0i2op,0.5,19,8.269657448,1.078802769,8269.657448,4.415,2.770338427,4415
SAFLS,7ei0i2op,0.5,19,8.269657448,1.078802769,8269.657448,4.415,2.770338427,4415
SAFLS,7ei0i2op,0.5,19,8.269657448,1.078802769,8269.657448,4.415,2.770338427,4415
SAFLS,7ei0i2op,0.5,19,8.269657448,1.078802769,8269.657448,4.415,2.770338427,4415
SAFLS,7ei0i2op,0.5,19,8.269657448,1.078802769,8269.657448,4.415,2.770338427,4415
SAFLS,xglzxsb9,0.51,19,8.923198248,0.400779756,8923.198248,3.726,2.234485176,3726
SAFLS,xglzxsb9,0.51,19,8.923198248,0.400779756,8923.198248,3.726,2.234485176,3726
SAFLS,xglzxsb9,0.51,19,8.923198248,0.400779756,8923.198248,3.726,2.234485176,3726
SAFLS,xglzxsb9,0.51,19,8.923198248,0.400779756,8923.198248,3.726,2.234485176,3726
SAFLS,xglzxsb9,0.51,19,8.923198248,0.400779756,8923.198248,3.726,2.234485176,3726
SAFLS,3ejs2f6p,0.615,22,9.038290768,0.063016502,9038.290768,7.106,4.121985444,7106
SAFLS,3ejs2f6p,0.615,22,9.038290768,0.063016502,9038.290768,7.106,4.121985444,7106
SAFLS,3ejs2f6p,0.615,22,9.038290768,0.063016502,9038.290768,7.106,4.121985444,7106
SAFLS,3ejs2f6p,0.615,22,9.038290768,0.063016502,9038.290768,7.106,4.121985444,7106
SAFLS,3ejs2f6p,0.615,22,9.038290768,0.063016502,9038.290768,7.106,4.121985444,7106
SAFLS,zvwm632u,0.627,22,8.195410786,1.016051149,8195.410786,5.899,3.001132953,5899
SAFLS,zvwm632u,0.627,22,8.195410786,1.016051149,8195.410786,5.899,3.001132953,5899
SAFLS,zvwm632u,0.627,22,8.195410786,1.016051149,8195.410786,5.899,3.001132953,5899
SAFLS,zvwm632u,0.627,22,8.195410786,1.016051149,8195.410786,5.899,3.001132953,5899
SAFLS,zvwm632u,0.627,22,8.195410786,1.016051149,8195.410786,5.899,3.001132953,5899
SAFLS,c00gr4wo,0.331,19,8.994280388,0.120521705,8994.280388,4.807,2.552988641,4807
SAFLS,c00gr4wo,0.331,19,8.994280388,0.120521705,8994.280388,4.807,2.552988641,4807
SAFLS,c00gr4wo,0.331,19,8.994280388,0.120521705,8994.280388,4.807,2.552988641,4807
SAFLS,c00gr4wo,0.331,19,8.994280388,0.120521705,8994.280388,4.807,2.552988641,4807
SAFLS,c00gr4wo,0.331,19,8.994280388,0.120521705,8994.280388,4.807,2.552988641,4807
SAFLS,e33p12vr,0.149,22,7.4575,0.323177583,7457.5,2.091,1.960795502,2091
SAFLS,e33p12vr,0.149,22,7.4575,0.323177583,7457.5,2.091,1.960795502,2091
SAFLS,e33p12vr,0.149,22,7.4575,0.323177583,7457.5,2.091,1.960795502,2091
SAFLS,e33p12vr,0.149,22,7.4575,0.323177583,7457.5,2.091,1.960795502,2091
SAFLS,e33p12vr,0.149,22,7.4575,0.323177583,7457.5,2.091,1.960795502,2091
SAFLS,y4vnuqyu,0.203,20,9.052044993,0.056691067,9052.044993,6.961,3.916820011,6961
SAFLS,y4vnuqyu,0.203,20,9.052044993,0.056691067,9052.044993,6.961,3.916820011,6961
SAFLS,y4vnuqyu,0.203,20,9.052044993,0.056691067,9052.044993,6.961,3.916820011,6961
SAFLS,y4vnuqyu,0.203,20,9.052044993,0.056691067,9052.044993,6.961,3.916820011,6961
SAFLS,y4vnuqyu,0.203,20,9.052044993,0.056691067,9052.044993,6.961,3.916820011,6961
skmoefs-MPAES_RCS,90fz82jx,0.415,16,8.885541654,0.623747534,8885.541654,3.627,2.38072909,3627
skmoefs-MPAES_RCS,90fz82jx,0.426,10,8.980873002,0.189809374,8980.873002,2.98,2.106561179,2980
skmoefs-MPAES_RCS,90fz82jx,0.427,16,8.902101454,0.61976078,8902.101454,3.189,2.210266726,3189
skmoefs-MPAES_RCS,90fz82jx,0.417,18,8.864630218,0.703653201,8864.630218,3.427,2.395134861,3427
skmoefs-MPAES_RCS,90fz82jx,0.429,21,8.919216063,0.581200894,8919.216063,3.077,2.21879945,3077
skmoefs-MPAES_RCS,2ej6b2i7,0.259,14,8.673799136,0.98660184,8673.799136,1.886,1.298847181,1886
skmoefs-MPAES_RCS,2ej6b2i7,0.274,16,8.555184387,1.193550232,8555.184387,2.236,1.68887655,2236
skmoefs-MPAES_RCS,2ej6b2i7,0.263,19,8.630878864,1.093741775,8630.878864,2.039,1.542555996,2039
skmoefs-MPAES_RCS,2ej6b2i7,0.265,13,8.691986196,0.934103568,8691.986196,1.912,1.303938649,1912
skmoefs-MPAES_RCS,2ej6b2i7,0.267,14,8.604469812,1.137770471,8604.469812,1.929,1.415612588,1929
skmoefs-MPAES_RCS,5shw42l7,0.465,9,8.624126276,0.98021383,8624.126276,3.475,2.226965424,3475
skmoefs-MPAES_RCS,5shw42l7,0.473,7,8.661170914,0.909147314,8661.170914,3.677,2.229051592,3677
skmoefs-MPAES_RCS,5shw42l7,0.464,9,8.513605913,1.172500238,8513.605913,3.644,2.179739434,3644
skmoefs-MPAES_RCS,5shw42l7,0.451,11,8.500037312,1.202517499,8500.037312,3.465,2.165357938,3465
skmoefs-MPAES_RCS,5shw42l7,0.451,6,8.53656003,1.140141207,8536.56003,3.366,2.051351749,3366
skmoefs-MPAES_RCS,24i4ipu5,0.355,7,8.353397074,1.493447289,8353.397074,3.646,1.864586818,3646
skmoefs-MPAES_RCS,24i4ipu5,0.358,8,8.460911609,1.387609121,8460.911609,3.611,1.733689419,3611
skmoefs-MPAES_RCS,24i4ipu5,0.355,7,8.458889419,1.392517963,8458.889419,3.523,1.657549698,3523
skmoefs-MPAES_RCS,24i4ipu5,0.361,7,8.342091743,1.504537537,8342.091743,3.637,1.855055525,3637
skmoefs-MPAES_RCS,24i4ipu5,0.331,7,8.32022202,1.521304744,8320.22202,3.662,1.937977296,3662
skmoefs-MPAES_RCS,ti0bl836,0.292,10,9.032089626,0.087743701,9032.089626,3.756,2.237065936,3756
skmoefs-MPAES_RCS,ti0bl836,0.289,7,9.032336108,0.087021803,9032.336108,4.062,2.245029176,4062
skmoefs-MPAES_RCS,ti0bl836,0.293,11,9.034516465,0.079832739,9034.516465,3.493,2.28340776,3493
skmoefs-MPAES_RCS,ti0bl836,0.288,11,9.023280952,0.159938234,9023.280952,3.841,2.021810822,3841
skmoefs-MPAES_RCS,ti0bl836,0.298,12,9.03634131,0.082121507,9036.34131,3.234,1.912915053,3234
skmoefs-MPAES_RCS,x1bislx9,0.333,13,8.987199296,0.277650437,8987.199296,4.863,3.425234445,4863
skmoefs-MPAES_RCS,x1bislx9,0.327,13,8.99715828,0.171078378,8997.15828,4.614,3.343800831,4614
skmoefs-MPAES_RCS,x1bislx9,0.344,13,9.004891028,0.109963918,9004.891028,4.701,3.308715612,4701
skmoefs-MPAES_RCS,x1bislx9,0.332,15,8.978905334,0.351235932,8978.905334,4.129,3.095538564,4129
skmoefs-MPAES_RCS,x1bislx9,0.336,14,8.970727548,0.393754637,8970.727548,4.697,3.327039375,4697
skmoefs-MPAES_RCS,pk2bj10v,0.56,7,8.545779861,0.776344616,8545.779861,6.464,2.253598012,6464
skmoefs-MPAES_RCS,pk2bj10v,0.555,6,8.55737547,0.73126994,8557.37547,6.414,2.374153323,6414
skmoefs-MPAES_RCS,pk2bj10v,0.554,7,8.539610211,0.773184806,8539.610211,6.317,2.409255279,6317
skmoefs-MPAES_RCS,pk2bj10v,0.557,7,8.572178561,0.708169223,8572.178561,6.639,2.178228409,6639
skmoefs-MPAES_RCS,pk2bj10v,0.56,5,8.550715684,0.748405297,8550.715684,6.39,2.389958159,6390
skmoefs-MPAES_RCS,er1qsv6w,0.608,9,8.41997788,1.336314396,8419.97788,8.629,4.124967757,8629
skmoefs-MPAES_RCS,er1qsv6w,0.613,6,8.447294723,1.300066799,8447.294723,8.117,4.227210783,8117
skmoefs-MPAES_RCS,er1qsv6w,0.612,8,8.434062522,1.313089574,8434.062522,8.368,4.094456741,8368
skmoefs-MPAES_RCS,er1qsv6w,0.616,5,8.418468287,1.330464333,8418.468287,8.689,4.187872849,8689
skmoefs-MPAES_RCS,er1qsv6w,0.614,7,8.421554947,1.331527505,8421.554947,8.755,4.183655698,8755
skmoefs-MPAES_RCS,7ei0i2op,0.465,9,8.278025427,1.01158168,8278.025427,3.456,2.072694864,3456
skmoefs-MPAES_RCS,7ei0i2op,0.481,9,8.418806178,0.691202356,8418.806178,3.587,2.067953336,3587
skmoefs-MPAES_RCS,7ei0i2op,0.475,10,8.366599838,0.838355213,8366.599838,3.768,2.39795246,3768
skmoefs-MPAES_RCS,7ei0i2op,0.479,11,8.356132336,0.822580958,8356.132336,3.708,2.313165796,3708
skmoefs-MPAES_RCS,7ei0i2op,0.484,9,8.394740328,0.736451755,8394.740328,3.918,2.439113773,3918
skmoefs-MPAES_RCS,xglzxsb9,0.458,14,8.857592479,0.586933501,8857.592479,3.989,2.443947422,3989
skmoefs-MPAES_RCS,xglzxsb9,0.471,15,8.862885691,0.593315378,8862.885691,3.823,2.360862342,3823
skmoefs-MPAES_RCS,xglzxsb9,0.448,13,8.869923581,0.557904254,8869.923581,4.251,2.475075554,4251
skmoefs-MPAES_RCS,xglzxsb9,0.454,12,8.899406103,0.425899015,8899.406103,4.17,2.211130932,4170
skmoefs-MPAES_RCS,xglzxsb9,0.451,13,8.825011473,0.679821335,8825.011473,3.794,2.359568605,3794
skmoefs-MPAES_RCS,3ejs2f6p,0.632,12,9.011376066,0.321254681,9011.376066,5.247,3.401468947,5247
skmoefs-MPAES_RCS,3ejs2f6p,0.642,26,9.017864589,0.267624421,9017.864589,6.78,4.061969965,6780
skmoefs-MPAES_RCS,3ejs2f6p,0.639,22,9.023024364,0.233866785,9023.024364,6.017,3.627493763,6017
skmoefs-MPAES_RCS,3ejs2f6p,0.642,29,9.025436786,0.232289809,9025.436786,6.072,3.646205699,6072
skmoefs-MPAES_RCS,3ejs2f6p,0.654,21,9.0155801,0.32014055,9015.5801,5.613,3.665682883,5613
skmoefs-MPAES_RCS,zvwm632u,0.647,5,8.319444259,0.739785757,8319.444259,5.474,2.636536364,5474
skmoefs-MPAES_RCS,zvwm632u,0.651,5,8.351333971,0.648894787,8351.333971,5.376,2.580818475,5376
skmoefs-MPAES_RCS,zvwm632u,0.629,5,8.317238478,0.75263646,8317.238478,6.557,2.113942052,6557
skmoefs-MPAES_RCS,zvwm632u,0.633,5,8.317169825,0.752707868,8317.169825,6.368,2.260658311,6368
skmoefs-MPAES_RCS,zvwm632u,0.654,7,8.300978126,0.787320919,8300.978126,5.277,2.986347435,5277
skmoefs-MPAES_RCS,c00gr4wo,0.341,8,8.991741138,0.237461765,8991.741138,5.571,2.720837922,5571
skmoefs-MPAES_RCS,c00gr4wo,0.356,14,9.017222446,0.090489198,9017.222446,4.163,2.602005188,4163
skmoefs-MPAES_RCS,c00gr4wo,0.368,11,9.009352398,0.22678413,9009.352398,4.048,2.275894549,4048
skmoefs-MPAES_RCS,c00gr4wo,0.365,13,9.008452018,0.109684038,9008.452018,4.207,2.323822498,4207
skmoefs-MPAES_RCS,c00gr4wo,0.372,11,9.017510099,0.090896826,9017.510099,3.256,2.137864355,3256
skmoefs-MPAES_RCS,e33p12vr,0.175,10,7.43,0.412431813,7430,4.53,3.228792344,4530
skmoefs-MPAES_RCS,e33p12vr,0.154,11,7.49,0.157797338,7490,3.184,2.184981464,3184
skmoefs-MPAES_RCS,e33p12vr,0.169,15,7.43,0.412431813,7430,3.865,3.053321961,3865
skmoefs-MPAES_RCS,e33p12vr,0.162,14,7.475,0.248746859,7475,2.844,2.191269951,2844
skmoefs-MPAES_RCS,e33p12vr,0.151,11,7.445,0.366708331,7445,2.826,2.137223432,2826
skmoefs-MPAES_RCS,y4vnuqyu,0.203,19,9.057736963,0.046912551,9057.736963,7.076,3.665545526,7076
skmoefs-MPAES_RCS,y4vnuqyu,0.201,14,9.055942094,0.048661256,9055.942094,8.379,3.714210414,8379
skmoefs-MPAES_RCS,y4vnuqyu,0.195,9,9.050790314,0.059262691,9050.790314,8.372,3.85741053,8372
skmoefs-MPAES_RCS,y4vnuqyu,0.197,15,9.057302703,0.046603648,9057.302703,8.412,3.760087233,8412
skmoefs-MPAES_RCS,y4vnuqyu,0.212,14,9.054888203,0.053296637,9054.888203,7.279,3.775070728,7279
ANFISPSO,24i4ipu5,0.059,21,6.306440321,1.839253165,6306.440321,4.893,2.682452423,4893
ANFISPSO,24i4ipu5,0.059,21,6.306440321,1.839253165,6306.440321,4.893,2.682452423,4893
ANFISPSO,24i4ipu5,0.059,21,6.306440321,1.839253165,6306.440321,4.893,2.682452423,4893
ANFISPSO,24i4ipu5,0.059,21,6.306440321,1.839253165,6306.440321,4.893,2.682452423,4893
ANFISPSO,24i4ipu5,0.059,21,6.306440321,1.839253165,6306.440321,4.893,2.682452423,4893
ANFISPSO,2ej6b2i7,0.098,31,7.309456232,1.774002412,7309.456232,3.179,1.872153573,3179
ANFISPSO,2ej6b2i7,0.098,31,7.309456232,1.774002412,7309.456232,3.179,1.872153573,3179
ANFISPSO,2ej6b2i7,0.098,31,7.309456232,1.774002412,7309.456232,3.179,1.872153573,3179
ANFISPSO,2ej6b2i7,0.098,31,7.309456232,1.774002412,7309.456232,3.179,1.872153573,3179
ANFISPSO,2ej6b2i7,0.098,31,7.309456232,1.774002412,7309.456232,3.179,1.872153573,3179
ANFISPSO,3ejs2f6p,0.187,26,7.290560109,1.760206721,7290.560109,4.955,2.456211514,4955
ANFISPSO,3ejs2f6p,0.187,26,7.290560109,1.760206721,7290.560109,4.955,2.456211514,4955
ANFISPSO,3ejs2f6p,0.187,26,7.290560109,1.760206721,7290.560109,4.955,2.456211514,4955
ANFISPSO,3ejs2f6p,0.187,26,7.290560109,1.760206721,7290.560109,4.955,2.456211514,4955
ANFISPSO,3ejs2f6p,0.187,26,7.290560109,1.760206721,7290.560109,4.955,2.456211514,4955
ANFISPSO,5shw42l7,0.085,31,7.171257728,1.489000869,7171.257728,1.932,1.536026041,1932
ANFISPSO,5shw42l7,0.085,31,7.171257728,1.489000869,7171.257728,1.93,1.537888162,1930
ANFISPSO,5shw42l7,0.085,31,7.171257728,1.489000869,7171.257728,1.93,1.537888162,1930
ANFISPSO,5shw42l7,0.085,31,7.171257728,1.489000869,7171.257728,1.93,1.537888162,1930
ANFISPSO,5shw42l7,0.085,31,7.171257728,1.489000869,7171.257728,1.93,1.537888162,1930
ANFISPSO,7ei0i2op,0.056,36,6.364138226,1.381044873,6364.138226,2.817,1.863735765,2817
ANFISPSO,7ei0i2op,0.056,36,6.364138226,1.381044873,6364.138226,2.817,1.863735765,2817
ANFISPSO,7ei0i2op,0.056,36,6.364138226,1.381044873,6364.138226,2.817,1.863735765,2817
ANFISPSO,7ei0i2op,0.056,36,6.364138226,1.381044873,6364.138226,2.817,1.863735765,2817
ANFISPSO,7ei0i2op,0.056,36,6.364138226,1.381044873,6364.138226,2.817,1.863735765,2817
ANFISPSO,90fz82jx,0.033,26,6.456802879,1.55104928,6456.802879,3.109,1.94193692,3109
ANFISPSO,90fz82jx,0.033,26,6.456802879,1.55104928,6456.802879,3.109,1.94193692,3109
ANFISPSO,90fz82jx,0.033,26,6.456802879,1.55104928,6456.802879,3.109,1.94193692,3109
ANFISPSO,90fz82jx,0.033,26,6.456802879,1.55104928,6456.802879,3.109,1.94193692,3109
ANFISPSO,90fz82jx,0.033,26,6.456802879,1.55104928,6456.802879,3.109,1.94193692,3109
ANFISPSO,c00gr4wo,0.031,26,6.964778906,1.355555052,6964.778906,3.722,2.295803999,3722
ANFISPSO,c00gr4wo,0.031,26,6.964778906,1.355555052,6964.778906,3.722,2.295803999,3722
ANFISPSO,c00gr4wo,0.031,26,6.964778906,1.355555052,6964.778906,3.722,2.295803999,3722
ANFISPSO,c00gr4wo,0.031,26,6.964778906,1.355555052,6964.778906,3.722,2.295803999,3722
ANFISPSO,c00gr4wo,0.031,26,6.964778906,1.355555052,6964.778906,3.722,2.295803999,3722
ANFISPSO,e33p12vr,0.078,24,6.3,1.2489996,6300,5.074,2.532691059,5074
ANFISPSO,e33p12vr,0.078,24,6.3,1.2489996,6300,5.074,2.532691059,5074
ANFISPSO,e33p12vr,0.078,24,6.3,1.2489996,6300,5.074,2.532691059,5074
ANFISPSO,e33p12vr,0.078,24,6.3,1.2489996,6300,5.074,2.532691059,5074
ANFISPSO,e33p12vr,0.078,24,6.3,1.2489996,6300,5.074,2.532691059,5074
ANFISPSO,er1qsv6w,0.078,24,6.44873437,1.494191207,6448.73437,3.907,2.351244564,3907
ANFISPSO,er1qsv6w,0.078,24,6.44873437,1.494191207,6448.73437,3.907,2.351244564,3907
ANFISPSO,er1qsv6w,0.078,24,6.44873437,1.494191207,6448.73437,3.907,2.351244564,3907
ANFISPSO,er1qsv6w,0.078,24,6.44873437,1.494191207,6448.73437,3.907,2.351244564,3907
ANFISPSO,er1qsv6w,0.078,24,6.44873437,1.494191207,6448.73437,3.907,2.351244564,3907
ANFISPSO,pk2bj10v,0.043,21,6.77992573,1.487699026,6779.92573,4.521,2.586804786,4521
ANFISPSO,pk2bj10v,0.043,21,6.77992573,1.487699026,6779.92573,4.521,2.586804786,4521
ANFISPSO,pk2bj10v,0.043,21,6.77992573,1.487699026,6779.92573,4.521,2.586804786,4521
ANFISPSO,pk2bj10v,0.043,21,6.77992573,1.487699026,6779.92573,4.521,2.586804786,4521
ANFISPSO,pk2bj10v,0.043,21,6.77992573,1.487699026,6779.92573,4.521,2.586804786,4521
ANFISPSO,ti0bl836,0.018,13,7.034082487,1.886784522,7034.082487,7.165,3.717764785,7165
ANFISPSO,ti0bl836,0.018,13,7.034082487,1.886784522,7034.082487,7.165,3.717764785,7165
ANFISPSO,ti0bl836,0.018,13,7.034082487,1.886784522,7034.082487,7.165,3.717764785,7165
ANFISPSO,ti0bl836,0.018,13,7.034082487,1.886784522,7034.082487,7.165,3.717764785,7165
ANFISPSO,ti0bl836,0.018,13,7.034082487,1.886784522,7034.082487,7.165,3.717764785,7165
ANFISPSO,x1bislx9,0.054,20,6.814291596,1.826464247,6814.291596,2.793,1.893185411,2793
ANFISPSO,x1bislx9,0.054,20,6.814291596,1.826464247,6814.291596,2.793,1.893185411,2793
ANFISPSO,x1bislx9,0.054,20,6.814291596,1.826464247,6814.291596,2.793,1.893185411,2793
ANFISPSO,x1bislx9,0.054,20,6.814291596,1.826464247,6814.291596,2.793,1.893185411,2793
ANFISPSO,x1bislx9,0.054,20,6.814291596,1.826464247,6814.291596,2.793,1.893185411,2793
ANFISPSO,xglzxsb9,0.129,42,7.81437076,1.425591363,7814.37076,3.484,1.954928132,3484
ANFISPSO,xglzxsb9,0.129,42,7.81437076,1.425591363,7814.37076,3.484,1.954928132,3484
ANFISPSO,xglzxsb9,0.129,42,7.81437076,1.425591363,7814.37076,3.484,1.954928132,3484
ANFISPSO,xglzxsb9,0.129,42,7.81437076,1.425591363,7814.37076,3.484,1.954928132,3484
ANFISPSO,xglzxsb9,0.129,42,7.81437076,1.425591363,7814.37076,3.484,1.954928132,3484
ANFISPSO,y4vnuqyu,0.019,16,6.386462558,1.850742732,6386.462558,2.771,2.170382224,2771
ANFISPSO,y4vnuqyu,0.019,16,6.386462558,1.850742732,6386.462558,2.771,2.170382224,2771
ANFISPSO,y4vnuqyu,0.019,16,6.386462558,1.850742732,6386.462558,2.771,2.170382224,2771
ANFISPSO,y4vnuqyu,0.019,16,6.3766406,2.14180932,6376.6406,2.374,1.750463939,2374
ANFISPSO,y4vnuqyu,0.019,16,6.386462558,1.850742732,6386.462558,2.771,2.170382224,2771
ANFISPSO,zvwm632u,0.108,69,6.826189956,1.221359833,6826.189956,1.868,1.400919698,1868
ANFISPSO,zvwm632u,0.108,69,6.826189956,1.221359833,6826.189956,1.868,1.400919698,1868
ANFISPSO,zvwm632u,0.108,69,6.826189956,1.221359833,6826.189956,1.868,1.400919698,1868
ANFISPSO,zvwm632u,0.108,69,6.826189956,1.221359833,6826.189956,1.868,1.400919698,1868
ANFISPSO,zvwm632u,0.108,69,6.826189956,1.221359833,6826.189956,1.868,1.400919698,1868
ANFISGA,24i4ipu5,0.04,21,5.873250684,1.605396296,5873.250684,4.245,2.068084863,4245
ANFISGA,24i4ipu5,0.04,21,5.873250684,1.605396296,5873.250684,4.245,2.068084863,4245
ANFISGA,24i4ipu5,0.04,21,5.873250684,1.605396296,5873.250684,4.245,2.068084863,4245
ANFISGA,24i4ipu5,0.04,21,5.873250684,1.605396296,5873.250684,4.245,2.068084863,4245
ANFISGA,24i4ipu5,0.04,21,5.873250684,1.605396296,5873.250684,4.245,2.068084863,4245
ANFISGA,2ej6b2i7,0.085,31,7.263855143,1.813196041,7263.855143,2.669,1.772410505,2669
ANFISGA,2ej6b2i7,0.085,31,7.263855143,1.813196041,7263.855143,2.669,1.772410505,2669
ANFISGA,2ej6b2i7,0.085,31,7.263855143,1.813196041,7263.855143,2.669,1.772410505,2669
ANFISGA,2ej6b2i7,0.085,31,7.263855143,1.813196041,7263.855143,2.669,1.772410505,2669
ANFISGA,2ej6b2i7,0.115,31,7.447970478,1.778698862,7447.970478,3.156,1.974250237,3156
ANFISGA,3ejs2f6p,0.171,26,7.533070105,1.653383568,7533.070105,4.935,2.425030928,4935
ANFISGA,3ejs2f6p,0.171,26,7.533070105,1.653383568,7533.070105,4.935,2.425030928,4935
ANFISGA,3ejs2f6p,0.171,26,7.533070105,1.653383568,7533.070105,4.935,2.425030928,4935
ANFISGA,3ejs2f6p,0.171,26,7.533070105,1.653383568,7533.070105,4.935,2.425030928,4935
ANFISGA,3ejs2f6p,0.171,26,7.533070105,1.653383568,7533.070105,4.935,2.425030928,4935
ANFISGA,5shw42l7,0.1,31,7.240374395,1.501275101,7240.374395,1.937,1.512293292,1937
ANFISGA,5shw42l7,0.1,31,7.240374395,1.501275101,7240.374395,1.937,1.512293292,1937
ANFISGA,5shw42l7,0.1,31,7.240374395,1.501275101,7240.374395,1.937,1.512293292,1937
ANFISGA,5shw42l7,0.1,31,7.240374395,1.501275101,7240.374395,1.937,1.512293292,1937
ANFISGA,5shw42l7,0.1,31,7.240374395,1.501275101,7240.374395,1.937,1.512293292,1937
ANFISGA,7ei0i2op,0.067,36,6.69624763,1.431693127,6696.24763,2.471,1.773459613,2471
ANFISGA,7ei0i2op,0.067,36,6.69624763,1.431693127,6696.24763,2.471,1.773459613,2471
ANFISGA,7ei0i2op,0.067,36,6.69624763,1.431693127,6696.24763,2.471,1.773459613,2471
ANFISGA,7ei0i2op,0.067,36,6.69624763,1.431693127,6696.24763,2.471,1.773459613,2471
ANFISGA,7ei0i2op,0.067,36,6.69624763,1.431693127,6696.24763,2.471,1.773459613,2471
ANFISGA,90fz82jx,0.03,26,6.393375525,1.562191036,6393.375525,3.447,2.064749622,3447
ANFISGA,90fz82jx,0.03,26,6.393375525,1.562191036,6393.375525,3.447,2.064749622,3447
ANFISGA,90fz82jx,0.03,26,6.393375525,1.562191036,6393.375525,3.447,2.064749622,3447
ANFISGA,90fz82jx,0.03,26,6.393375525,1.562191036,6393.375525,3.447,2.064749622,3447
ANFISGA,90fz82jx,0.03,26,6.393375525,1.562191036,6393.375525,3.447,2.064749622,3447
ANFISGA,c00gr4wo,0.013,26,6.922989981,1.327887377,6922.989981,4.437,2.34478805,4437
ANFISGA,c00gr4wo,0.013,26,6.922989981,1.327887377,6922.989981,4.437,2.34478805,4437
ANFISGA,c00gr4wo,0.013,26,6.922989981,1.327887377,6922.989981,4.437,2.34478805,4437
ANFISGA,c00gr4wo,0.013,26,6.922989981,1.327887377,6922.989981,4.437,2.34478805,4437
ANFISGA,c00gr4wo,0.013,26,6.922989981,1.327887377,6922.989981,4.437,2.34478805,4437
ANFISGA,e33p12vr,0.078,24,6.305,1.248789414,6305,5.083,2.529448754,5083
ANFISGA,e33p12vr,0.078,24,6.305,1.248789414,6305,5.083,2.529448754,5083
ANFISGA,e33p12vr,0.078,24,6.305,1.248789414,6305,5.083,2.529448754,5083
ANFISGA,e33p12vr,0.078,24,6.305,1.248789414,6305,5.083,2.529448754,5083
ANFISGA,e33p12vr,0.078,24,6.305,1.248789414,6305,5.083,2.529448754,5083
ANFISGA,er1qsv6w,0.065,24,6.395155081,1.433646192,6395.155081,5.816,2.786780221,5816
ANFISGA,er1qsv6w,0.065,24,6.395155081,1.433646192,6395.155081,5.816,2.786780221,5816
ANFISGA,er1qsv6w,0.065,24,6.395155081,1.433646192,6395.155081,5.816,2.786780221,5816
ANFISGA,er1qsv6w,0.065,24,6.395155081,1.433646192,6395.155081,5.816,2.786780221,5816
ANFISGA,er1qsv6w,0.065,24,6.395155081,1.433646192,6395.155081,5.816,2.786780221,5816
ANFISGA,pk2bj10v,0.016,21,6.546297203,1.270769509,6546.297203,4.597,2.377938393,4597
ANFISGA,pk2bj10v,0.016,21,6.546297203,1.270769509,6546.297203,4.597,2.377938393,4597
ANFISGA,pk2bj10v,0.016,21,6.546297203,1.270769509,6546.297203,4.597,2.377938393,4597
ANFISGA,pk2bj10v,0.016,21,6.546297203,1.270769509,6546.297203,4.597,2.377938393,4597
ANFISGA,pk2bj10v,0.016,21,6.546297203,1.270769509,6546.297203,4.597,2.377938393,4597
ANFISGA,ti0bl836,0.026,13,6.971517808,1.777857749,6971.517808,6.662,3.399375825,6662
ANFISGA,ti0bl836,0.026,13,6.971517808,1.777857749,6971.517808,6.662,3.399375825,6662
ANFISGA,ti0bl836,0.026,13,6.971517808,1.777857749,6971.517808,6.662,3.399375825,6662
ANFISGA,ti0bl836,0.026,13,6.971517808,1.777857749,6971.517808,6.662,3.399375825,6662
ANFISGA,ti0bl836,0.026,13,6.971517808,1.777857749,6971.517808,6.662,3.399375825,6662
ANFISGA,x1bislx9,0.06,20,6.772023639,1.743948492,6772.023639,3.258,1.750838656,3258
ANFISGA,x1bislx9,0.06,20,6.772023639,1.743948492,6772.023639,3.258,1.750838656,3258
ANFISGA,x1bislx9,0.06,20,6.772023639,1.743948492,6772.023639,3.258,1.750838656,3258
ANFISGA,x1bislx9,0.06,20,6.772023639,1.743948492,6772.023639,3.258,1.750838656,3258
ANFISGA,x1bislx9,0.06,20,6.772023639,1.743948492,6772.023639,3.258,1.750838656,3258
ANFISGA,xglzxsb9,0.131,42,7.812461383,1.553253921,7812.461383,3.64,1.915306764,3640
ANFISGA,xglzxsb9,0.131,42,7.812461383,1.553253921,7812.461383,3.64,1.915306764,3640
ANFISGA,xglzxsb9,0.131,42,7.812461383,1.553253921,7812.461383,3.64,1.915306764,3640
ANFISGA,xglzxsb9,0.131,42,7.812461383,1.553253921,7812.461383,3.64,1.915306764,3640
ANFISGA,xglzxsb9,0.131,42,7.812461383,1.553253921,7812.461383,3.64,1.915306764,3640
ANFISGA,y4vnuqyu,0.013,16,6.161092645,2.147308223,6161.092645,3.151,2.243256338,3151
ANFISGA,y4vnuqyu,0.013,16,6.161092645,2.147308223,6161.092645,3.151,2.243256338,3151
ANFISGA,y4vnuqyu,0.013,16,6.161092645,2.147308223,6161.092645,3.151,2.243256338,3151
ANFISGA,y4vnuqyu,0.013,16,6.161092645,2.147308223,6161.092645,3.151,2.243256338,3151
ANFISGA,y4vnuqyu,0.008,16,6.337931205,2.176648994,6337.931205,2.48,1.935871897,2480
ANFISGA,zvwm632u,0.099,69,6.681871004,1.273413223,6681.871004,2.034,1.522118261,2034
ANFISGA,zvwm632u,0.099,69,6.681871004,1.273413223,6681.871004,2.034,1.522118261,2034
ANFISGA,zvwm632u,0.099,69,6.681871004,1.273413223,6681.871004,2.034,1.522118261,2034
ANFISGA,zvwm632u,0.099,69,6.681871004,1.273413223,6681.871004,2.034,1.522118261,2034
ANFISGA,zvwm632u,0.099,69,6.681871004,1.273413223,6681.871004,2.034,1.522118261,2034
